Time,Velocity,Pressure,Gamma,Tau
4880.0897,0.00135217255473034,777799.347161223,509.757043719189,5185.32898107482
4880.0997,0.00135226460624729,778857.680878463,509.791746323517,5192.38453918975
4880.1097,0.0013523674706438,779915.086764435,509.830525287404,5199.4339117629
4880.1197,0.00135248114791986,780971.564819142,509.873380610848,5206.47709879428
4880.12969,0.00135260563807548,782027.115042583,509.920312293849,5213.51410028389
4880.13969,0.00135274094111066,783081.737434758,509.971320336408,5220.54491623172
4880.14969,0.0013528870570254,784135.431995667,510.026404738525,5227.56954663778
4880.15969,0.00135304398581969,785188.198725312,510.085565500198,5234.58799150208
4880.16968,0.00135321172749354,786240.037623689,510.148802621429,5241.60025082459
4880.17968,0.00135339028204694,787290.948690801,510.216116102218,5248.60632460534
4880.18968,0.0013535796494799,788340.931926647,510.287505942564,5255.60621284432
4880.19968,0.00135377982979242,789389.987331227,510.362972142468,5262.59991554152
4880.20967,0.00135399082298449,790438.114904542,510.44251470193,5269.58743269695
4880.21967,0.00135421262905612,791485.31464659,510.526133620948,5276.5687643106
4880.22967,0.00135444524800731,792531.586557372,510.613828899524,5283.54391038248
4880.23967,0.00135468867983805,793576.930636889,510.705600537657,5290.5128709126
4880.24966,0.00135494292454835,794621.34688514,510.801448535349,5297.47564590093
4880.25966,0.00135520798213821,795664.835302124,510.901372892597,5304.4322353475
4880.26966,0.00135548385260762,796707.395887844,511.005373609402,5311.38263925229
4880.27965,0.00135577053595659,797749.028642297,511.113450685766,5318.32685761532
4880.28965,0.00135606803218511,798789.733565484,511.225604121686,5325.26489043656
4880.29965,0.0013563763412932,799829.510657406,511.341833917164,5332.19673771604
4880.30965,0.00135669546328083,800868.359918061,511.4621400722,5339.12239945374
4880.31964,0.00135702539814803,801906.281347451,511.586522586794,5346.04187564967
4880.32964,0.00135736614589478,802943.274945574,511.714981460944,5352.95516630383
4880.33964,0.00135771770652109,803979.340712433,511.847516694653,5359.86227141622
4880.34964,0.00135808008002695,805014.478648025,511.984128287918,5366.76319098683
4880.35963,0.00135845326641237,806048.688752351,512.124816240741,5373.65792501567
4880.36963,0.00135883726567735,807081.971025411,512.269580553121,5380.54647350274
4880.37963,0.00135923207782189,808114.325467206,512.418421225059,5387.42883644804
4880.38963,0.00135963770284598,809145.752077735,512.571338256555,5394.30501385157
4880.39962,0.00136005414074962,810176.250856998,512.728331647607,5401.17500571332
4880.40962,0.00136048139153283,811205.821804995,512.889401398218,5408.0388120333
4880.41962,0.00136091945519559,812234.464921725,513.054547508385,5414.8964328115
4880.42962,0.0013613683317379,813262.18020719,513.223769978111,5421.74786804794
4880.43961,0.00136182802115978,814288.967661389,513.397068807393,5428.5931177426
4880.44961,0.0013622985234612,815314.827284323,513.574443996233,5435.43218189549
4880.45961,0.00136277983864219,816339.75907599,513.75589554463,5442.2650605066
4880.46961,0.00136327196670273,817363.763036393,513.941423452586,5449.09175357596
4880.4796,0.00136377490764283,818386.839165529,514.131027720098,5455.91226110352
4880.4896,0.00136428866146249,819408.987463399,514.324708347168,5462.72658308933
4880.4996,0.0013648132281617,820430.207930003,514.522465333795,5469.53471953335
4880.5096,0.00136534860774046,821450.500565342,514.72429867998,5476.33667043561
4880.51959,0.00136589480019879,822469.865369413,514.930208385722,5483.13243579609
4880.52959,0.00136645180553667,823488.30234222,515.140194451022,5489.9220156148
4880.53959,0.00136701962375411,824505.811483761,515.354256875879,5496.70540989174
4880.54958,0.0013675982548511,825522.392794035,515.572395660294,5503.4826186269
4880.55958,0.00136818769882765,826538.046273045,515.794610804266,5510.2536418203
4880.56958,0.00136878795568376,827552.771920787,516.020902307795,5517.01847947192
4880.57958,0.00136939902541943,828566.569737264,516.251270170883,5523.77713158176
4880.58957,0.00137002090803465,829579.439722475,516.485714393527,5530.52959814983
4880.59957,0.00137065360352942,830591.381876422,516.724234975729,5537.27587917614
4880.60957,0.00137129711190376,831602.396199101,516.966831917489,5544.01597466067
4880.61957,0.00137195143315764,832612.482690514,517.213505218805,5550.74988460343
4880.62956,0.00137261656729109,833621.641350662,517.46425487968,5557.47760900442
4880.63956,0.00137329251430409,834629.872179545,517.719080900111,5564.19914786364
4880.64956,0.00137397927419665,835637.17517716,517.9779832801,5570.91450118107
4880.65956,0.00137467684696877,836643.550343511,518.240962019647,5577.62366895674
4880.66955,0.00137538523262044,837648.997678596,518.508017118751,5584.32665119064
4880.67955,0.00137610443115167,838653.517182413,518.779148577413,5591.02344788276
4880.68955,0.00137683444256245,839657.108854967,519.054356395632,5597.71405903311
4880.69955,0.00137757526685279,840659.772696253,519.333640573409,5604.39848464169
4880.70954,0.00137832690402269,841661.508706274,519.617001110743,5611.07672470849
4880.71954,0.00137908935407215,842662.316885029,519.904438007633,5617.74877923353
4880.72954,0.00137986261700116,843662.197232518,520.195951264083,5624.41464821679
4880.73954,0.00138064669280972,844661.149748742,520.491540880089,5631.07433165828
4880.74953,0.00138144158149785,845659.174433699,520.791206855652,5637.72782955799
4880.75953,0.00138224728306553,846656.271287391,521.094949190774,5644.37514191594
4880.76953,0.00138306379751277,847652.440309816,521.402767885452,5651.01626873211
4880.77952,0.00138389112483956,848647.681500976,521.714662939689,5657.65121000651
4880.78952,0.00138472926504591,849641.994860871,522.030634353482,5664.27996573914
4880.79952,0.00138557821813182,850635.380389498,522.350682126833,5670.90253592998
4880.80952,0.00138643798409728,851627.838086861,522.674806259742,5677.51892057907
4880.81951,0.0013873085629423,852619.367952957,523.003006752209,5684.12911968638
4880.82951,0.00138818995466687,853609.969987787,523.335283604231,5690.73313325191
4880.83951,0.00138908215927101,854599.644191352,523.671636815813,5697.33096127568
4880.84951,0.00138998517675469,855588.390563651,524.012066386951,5703.92260375767
4880.8595,0.00139089900711794,856576.209104683,524.356572317647,5710.50806069789
4880.8695,0.00139182365036074,857563.099814451,524.7051546079,5717.08733209634
4880.8795,0.0013927591064831,858549.062692953,525.05781325771,5723.66041795302
4880.8895,0.00139370537548501,859534.097740188,525.414548267078,5730.22731826792
4880.89949,0.00139466245736648,860518.204956157,525.775359636004,5736.78803304105
4880.90949,0.00139563035212751,861501.38434086,526.140247364487,5743.3425622724
4880.91949,0.0013966090597681,862483.635894298,526.509211452528,5749.89090596199
4880.92949,0.00139759858028824,863464.959616469,526.882251900126,5756.4330641098
4880.93948,0.00139859891368793,864445.355507376,527.259368707281,5762.96903671584
4880.94948,0.00139961005996719,865424.823567015,527.640561873994,5769.4988237801
4880.95948,0.001400632019126,866403.363795391,528.025831400264,5776.02242530261
4880.96948,0.00140166479116436,867380.976192499,528.415177286092,5782.53984128333
4880.97947,0.00140270837608229,868357.660758341,528.808599531478,5789.05107172228
4880.98947,0.00140376277387977,869333.417492918,529.20609813642,5795.55611661945
4880.99947,0.0014048279845568,870308.246396228,529.607673100921,5802.05497597486
4881.00946,0.00140590400811339,871282.147468273,530.013324424978,5808.54764978849
4881.01946,0.00140699084454954,872255.120709053,530.423052108593,5815.03413806035
4881.02946,0.00140808849386525,873227.166118566,530.836856151766,5821.51444079044
4881.03946,0.00140919695606051,874198.283696813,531.254736554496,5827.98855797876
4881.04945,0.00141031623113533,875168.473443795,531.676693316784,5834.4564896253
4881.05945,0.00141144631908971,876137.73535951,532.102726438629,5840.91823573007
4881.06945,0.00141258721992364,877106.06944396,532.532835920031,5847.37379629307
4881.07945,0.00141373893363712,878073.475697144,532.96702176099,5853.82317131429
4881.08944,0.00141490146023017,879039.954119061,533.405283961508,5860.26636079374
4881.09944,0.00141607479970277,880005.504709714,533.847622521583,5866.70336473142
4881.10944,0.00141725895205493,880970.1274691,534.294037441215,5873.13418312733
4881.11944,0.00141845391728664,881933.822397221,534.744528720405,5879.55881598147
4881.12943,0.00141965969539791,882896.589494075,535.199096359152,5885.97726329384
4881.13943,0.00142087628638874,883858.428759664,535.657740357456,5892.38952506443
4881.14943,0.00142210369025912,884819.340193986,536.120460715319,5898.79560129324
4881.15943,0.00142334190700906,885779.323797043,536.587257432739,5905.19549198028
4881.16942,0.00142459093663856,886738.379568834,537.058130509715,5911.58919712556
4881.17942,0.00142585077914761,887696.50750936,537.533079946249,5917.97671672907
4881.18942,0.00142712143453622,888653.707618619,538.012105742341,5924.3580507908
4881.19942,0.00142840290280438,889609.979896612,538.495207897991,5930.73319931075
4881.20941,0.00142969518395211,890565.324343339,538.982386413198,5937.10216228893
4881.21941,0.00143099827797939,891519.740958802,539.473641287962,5943.46493972535
4881.22941,0.00143231218488622,892473.229742997,539.968972522283,5949.82153161998
4881.23941,0.00143363690467261,893425.790695927,540.468380116162,5956.17193797284
4881.2494,0.00143497243733856,894377.423817592,540.971864069599,5962.51615878394
4881.2594,0.00143631878288406,895328.129107989,541.479424382593,5968.85419405326
4881.2694,0.00143767594130913,896277.906567122,541.991061055145,5975.18604378082
4881.27939,0.00143904391261374,897226.756194989,542.506774087254,5981.51170796659
4881.28939,0.00144042269679792,898174.677991589,543.02656347892,5987.83118661059
4881.29939,0.00144181229386165,899121.671956924,543.550429230144,5994.14447971282
4881.30939,0.00144321270380493,900067.738090993,544.078371340925,6000.45158727329
4881.31938,0.00144462392662778,901012.876393795,544.610389811264,6006.75250929197
4881.32938,0.00144604596233018,901957.086865333,545.14648464116,6013.04724576889
4881.33938,0.00144747881091213,902900.369505604,545.686655830614,6019.33579670403
4881.34938,0.00144892247237365,903842.724314609,546.230903379625,6025.61816209739
4881.35937,0.00145037694671472,904784.15129235,546.779227288194,6031.894341949
4881.36937,0.00145184223393534,905724.650438823,547.33162755632,6038.16433625882
4881.37937,0.00145331833403553,906664.221754031,547.888104184004,6044.42814502687
4881.38937,0.00145480524701527,907602.865237974,548.448657171245,6050.68576825316
4881.39936,0.00145630297287456,908540.580890649,549.013286518043,6056.93720593766
4881.40936,0.00145781151161341,909477.368712059,549.5819922244,6063.1824580804
4881.41936,0.00145933086323182,910413.228702203,550.154774290313,6069.42152468136
4881.42936,0.00146086102772979,911348.160861082,550.731632715784,6075.65440574055
4881.43935,0.00146240200510731,912282.165188695,551.312567500811,6081.88110125797
4881.44935,0.00146395379536439,913215.241685042,551.897578645398,6088.10161123361
4881.45935,0.00146551639850102,914147.390350123,552.48666614954,6094.31593566749
4881.46935,0.00146708981451721,915078.611183938,553.079830013241,6100.52407455959
4881.47934,0.00146867404341296,916008.904186487,553.6770702365,6106.72602790991
4881.48934,0.00147026908518826,916938.26935777,554.278386819315,6112.92179571847
4881.49934,0.00147187493984312,917866.706697787,554.883779761688,6119.11137798525
4881.50933,0.00147349160737754,918794.216206539,555.493249063618,6125.29477471026
4881.51933,0.00147511908779151,919720.797884025,556.106794725107,6131.4719858935
4881.52933,0.00147675738108504,920646.451730245,556.724416746151,6137.64301153496
4881.53933,0.00147840648725813,921571.177745199,557.346115126755,6143.80785163466
4881.54932,0.00148006640631077,922494.975928885,557.971889866915,6149.96650619257
4881.55932,0.00148173713824297,923417.846281309,558.601740966633,6156.11897520873
4881.56932,0.00148341868305473,924339.788802465,559.235668425909,6162.2652586831
4881.57932,0.00148511104074604,925260.803492355,559.873672244741,6168.4053566157
4881.58931,0.00148681421131691,926180.89035098,560.515752423131,6174.53926900653
4881.59931,0.00148852819476733,927100.049378339,561.161908961079,6180.66699585559
4881.60931,0.00149025299109731,928018.280574432,561.812141858584,6186.78853716288
4881.61931,0.00149198860030685,928935.583939259,562.466451115646,6192.90389292839
4881.6293,0.00149373502239594,929851.959472821,563.124836732266,6199.01306315214
4881.6393,0.0014954922573646,930767.407175117,563.787298708443,6205.11604783411
4881.6493,0.0014972603052128,931681.927046145,564.453837044179,6211.2128469743
4881.6593,0.00149903916594057,932595.519085908,565.124451739471,6217.30346057272
4881.66929,0.00150082883954789,933508.183294407,565.799142794321,6223.38788862938
4881.67929,0.00150262932603476,934419.919671639,566.477910208728,6229.46613114426
4881.68929,0.0015044406254012,935330.728217604,567.160753982693,6235.53818811736
4881.69929,0.00150626273764719,936240.608932304,567.847674116215,6241.60405954869
4881.70928,0.00150809566277274,937149.561815738,568.538670609295,6247.66374543826
4881.71928,0.00150993940077784,938057.586867907,569.233743461931,6253.71724578605
4881.72928,0.0015117939516625,938964.684088809,569.932892674126,6259.76456059206
4881.73927,0.00151365931542671,939870.853478446,570.636118245878,6265.80568985631
4881.74927,0.00151553549207048,940776.095036816,571.343420177187,6271.84063357878
4881.75927,0.00151742248159381,941680.408763921,572.054798468054,6277.86939175948
4881.76927,0.0015193202839967,942583.794659761,572.770253118479,6283.89196439841
4881.77926,0.00152122889927914,943486.252724334,573.48978412846,6289.90835149556
4881.78926,0.00152314832744114,944387.782957641,574.213391498001,6295.91855305094
4881.79926,0.0015250785684827,945288.385359682,574.941075227097,6301.92256906455
4881.80926,0.0015270196224038,946188.059930458,575.67283531575,6307.92039953639
4881.81925,0.00152897148920447,947086.806669967,576.408671763963,6313.91204446645
4881.82925,0.0015309341688847,947984.625578211,577.148584571732,6319.89750385474
4881.83925,0.00153290766144448,948881.51665519,577.892573739059,6325.87677770127
4881.84925,0.00153489196688382,949777.479900902,578.640639265942,6331.84986600601
4881.85924,0.00153688708520271,950672.515315349,579.392781152383,6337.81676876899
4881.86924,0.00153889301640116,951566.622898528,580.148999398382,6343.77748599019
4881.87924,0.00154090976047917,952459.802650443,580.909294003939,6349.73201766962
4881.88924,0.00154293731743673,953352.054571092,581.673664969054,6355.68036380728
4881.89923,0.00154497568727385,954243.378660474,582.442112293724,6361.62252440316
4881.90923,0.00154702486999053,955133.774918592,583.214635977953,6367.55849945728
4881.91923,0.00154908486558676,956023.243345442,583.991236021739,6373.48828896962
4881.92923,0.00155115567406255,956911.783941027,584.771912425083,6379.41189294018
4881.93922,0.00155323729541789,957799.396705347,585.556665187984,6385.32931136898
4881.94922,0.0015553297296528,958686.0816384,586.345494310443,6391.240544256
4881.95922,0.00155743297676726,959571.838740188,587.138399792459,6397.14559160125
4881.96922,0.00155954703676127,960456.66801071,587.935381634032,6403.04445340473
4881.97921,0.00156167190963484,961340.569449965,588.736439835163,6408.93712966644
4881.98921,0.00156380759538797,962223.543057955,589.541574395851,6414.82362038637
4881.99921,0.00156595409402065,963105.588834679,590.350785316097,6420.70392556453
4882.0092,0.00156811140553289,963986.706780137,591.164072595901,6426.57804520092
4882.0192,0.00157027952992469,964866.89689433,591.981436235262,6432.44597929553
4882.0292,0.00157245846719604,965746.159177257,592.802876234179,6438.30772784838
4882.0392,0.00157464821734696,966624.493628917,593.628392592655,6444.16329085945
4882.04919,0.00157684878037742,967501.900249312,594.457985310689,6450.01266832875
4882.05919,0.00157906015628745,968378.379038441,595.29165438828,6455.85586025627
4882.06919,0.00158128234507703,969253.929996304,596.129399825428,6461.69286664202
4882.07919,0.00158351534674616,970128.553122901,596.971221622133,6467.52368748601
4882.08918,0.00158575916129486,971002.248418232,597.817119778396,6473.34832278821
4882.09918,0.00158801378872311,971875.015882298,598.667094294217,6479.16677254866
4882.10918,0.00159027922903091,972746.855515097,599.521145169594,6484.97903676731
4882.11918,0.00159255548221827,973617.767316631,600.379272404529,6490.78511544421
4882.12917,0.00159484254828519,974487.751286899,601.241475999023,6496.58500857933
4882.13917,0.00159714042723167,975356.807425901,602.107755953073,6502.37871617267
4882.14917,0.0015994491190577,976224.935733637,602.97811226668,6508.16623822425
4882.15917,0.00160176862376329,977092.136210107,603.852544939846,6513.94757473405
4882.16916,0.00160409894134843,977958.408855312,604.731053972568,6519.72272570208
4882.17916,0.00160644007181313,978823.75366925,605.613639364848,6525.49169112834
4882.18916,0.00160879201515739,979688.170651922,606.500301116686,6531.25447101281
4882.19916,0.00161115477138121,980551.659803329,607.391039228081,6537.01106535553
4882.20915,0.00161352834048458,981414.22112347,608.285853699033,6542.76147415647
4882.21915,0.0016159127224675,982275.854612345,609.184744529543,6548.50569741564
4882.22915,0.00161830791732999,983136.560269955,610.087711719611,6554.24373513303
4882.23914,0.00162071392507203,983996.338096298,610.994755269235,6559.97558730865
4882.24914,0.00162313074569362,984855.188091376,611.905875178418,6565.7012539425
4882.25914,0.00162555837919478,985713.110255187,612.821071447157,6571.42073503458
4882.26914,0.00162799682557549,986570.104587732,613.740344075455,6577.13403058488
4882.27913,0.00163044608483575,987426.171089013,614.663693063309,6582.84114059342
4882.28913,0.00163290615697558,988281.309759026,615.591118410721,6588.54206506018
4882.29913,0.00163537704199496,989135.520597775,616.522620117692,6594.23680398517
4882.30913,0.00163785873989389,989988.803605257,617.458198184218,6599.92535736838
4882.31912,0.00164035125067238,990841.158781473,618.397852610303,6605.60772520982
4882.32912,0.00164285457433043,991692.586126424,619.341583395945,6611.2839075095
4882.33912,0.00164536871086804,992543.085640108,620.289390541143,6616.95390426739
4882.34912,0.0016478936602852,993392.657322527,621.241274045901,6622.61771548351
4882.35911,0.00165042942258192,994241.301173679,622.197233910215,6628.27534115786
4882.36911,0.00165297599775819,995089.017193567,623.157270134086,6633.92678129045
4882.37911,0.00165553338581402,995935.805382188,624.121382717516,6639.57203588125
4882.38911,0.00165810158674941,996781.665739544,625.089571660503,6645.21110493029
4882.3991,0.00166068060056435,997626.598265632,626.061836963047,6650.84398843755
4882.4091,0.00166327042725885,998470.602960456,627.038178625149,6656.47068640304
4882.4191,0.00166587106683291,999313.679824014,628.018596646807,6662.09119882676
4882.4291,0.00166848251928652,1000155.82885631,629.003091028024,6667.70552570871
4882.43909,0.0016711047846197,1000997.05005733,629.991661768799,6673.31366704888
4882.44909,0.00167373786283242,1001837.34342709,630.984308869129,6678.91562284729
4882.45909,0.0016763817539247,1002676.70896559,631.981032329019,6684.51139310391
4882.46908,0.00167903645789654,1003515.14667281,632.981832148465,6690.10097781877
4882.47908,0.00168170197474794,1004352.65654878,633.986708327468,6695.68437699185
4882.48908,0.00168437830447889,1005189.23859347,634.99566086603,6701.26159062316
4882.49908,0.0016870654470894,1006024.8928069,636.008689764148,6706.8326187127
4882.50907,0.00168976340257947,1006859.61918907,637.025795021825,6712.39746126046
4882.51907,0.00169247217094909,1007693.41773997,638.046976639058,6717.95611826645
4882.52907,0.00169519175219827,1008526.2884596,639.07223461585,6723.50858973068
4882.53907,0.001697922146327,1009358.23134797,640.101568952197,6729.05487565312
4882.54906,0.00170066335333529,1010189.24640507,641.134979648104,6734.5949760338
4882.55906,0.00170341537322314,1011019.33363091,642.172466703567,6740.1288908727
4882.56906,0.00170617820599054,1011848.49302548,643.214030118589,6745.65662016984
4882.57906,0.0017089518516375,1012676.72458878,644.259669893167,6751.1781639252
4882.58905,0.00171173631016402,1013504.02832082,645.309386027303,6756.69352213879
4882.59905,0.00171453158157009,1014330.40422159,646.363178520996,6762.20269481059
4882.60905,0.00171733766585572,1015155.8522911,647.421047374247,6767.70568194064
4882.61905,0.00172015456302091,1015980.37252934,648.482992587054,6773.20248352891
4882.62904,0.00172298227306565,1016803.96493631,649.54901415942,6778.6930995754
4882.63904,0.00172582079598995,1017626.62951202,650.619112091343,6784.17753008013
4882.64904,0.00172867013179381,1018448.36625646,651.693286382824,6789.65577504307
4882.65904,0.00173153028047722,1019269.17516964,652.771537033862,6795.12783446426
4882.66903,0.00173440124204019,1020089.05625155,653.853864044458,6800.59370834366
4882.67903,0.00173728301648272,1020908.00950219,654.940267414611,6806.0533966813
4882.68903,0.0017401756038048,1021726.03492157,656.030747144321,6811.50689947717
4882.69903,0.00174307900400644,1022543.13250969,657.125303233589,6816.95421673125
4882.70902,0.00174599321708763,1023359.30226654,658.223935682415,6822.39534844357
4882.71902,0.00174891824304839,1024174.54419212,659.326644490797,6827.83029461412
4882.72902,0.00175185408188869,1024988.85828643,660.433429658737,6833.25905524288
4882.73901,0.00175480073360856,1025802.24454948,661.544291186235,6838.68163032988
4882.74901,0.00175775819820798,1026614.70298127,662.65922907329,6844.09801987511
4882.75901,0.00176072647568696,1027426.23358179,663.778243319903,6849.50822387857
4882.76901,0.00176370556604549,1028236.83635104,664.901333926073,6854.91224234025
4882.779,0.00176669546928358,1029046.51128902,666.0285008918,6860.31007526016
4882.789,0.00176969618540123,1029855.25839574,667.159744217085,6865.7017226383
4882.799,0.00177270771439843,1030663.0776712,668.295063901928,6871.08718447466
4882.809,0.00177573005627519,1031469.96911539,669.434459946328,6876.46646076925
4882.81899,0.00177876321103151,1032275.93272831,670.577932350285,6881.83955152207
4882.82899,0.00178180717866738,1033080.96850997,671.725481113799,6887.20645673312
4882.83899,0.00178486195918281,1033885.07646036,672.877106236871,6892.5671764024
4882.84899,0.00178792755257779,1034688.25657949,674.032807719501,6897.9217105299
4882.85898,0.00179100395885234,1035490.50886734,675.192585561688,6903.27005911563
4882.86898,0.00179409117800644,1036291.83332394,676.356439763433,6908.61222215959
4882.87898,0.00179718921004009,1037092.22994927,677.524370324735,6913.94819966177
4882.88898,0.0018002980549533,1037891.69874333,678.696377245595,6919.27799162219
4882.89897,0.00180341771274607,1038690.23970612,679.872460526011,6924.60159804083
4882.90897,0.0018065481834184,1039487.85283765,681.052620165986,6929.91901891769
4882.91897,0.00180968946697028,1040284.53813792,682.236856165518,6935.2302542528
4882.92897,0.00181284156340171,1041080.29560692,683.425168524607,6940.53530404612
4882.93896,0.00181600447271271,1041875.12524465,684.617557243254,6945.83416829767
4882.94896,0.00181917819490326,1042669.02705112,685.814022321459,6951.12684700744
4882.95896,0.00182236272997337,1043462.00102632,687.01456375922,6956.41334017545
4882.96895,0.00182555807792303,1044254.04717025,688.219181556539,6961.69364780169
4882.97895,0.00182876423875225,1045045.16548292,689.427875713416,6966.96776988615
4882.98895,0.00183198121246103,1045835.35596432,690.64064622985,6972.23570642883
4882.99895,0.00183520899904936,1046624.61861446,691.857493105842,6977.49745742975
4883.00894,0.00183844759851725,1047412.95343333,693.07841634139,6982.7530228889
4883.01894,0.0018416970108647,1048200.36042094,694.303415936497,6988.00240280626
4883.02894,0.0018449572360917,1048986.83957728,695.532491891161,6993.24559718185
4883.03894,0.00184822827419826,1049772.39090235,696.765644205383,6998.48260601569
4883.04893,0.00185151012518437,1050557.01439616,698.002872879161,7003.71342930775
4883.05893,0.00185480278905005,1051340.7100587,699.244177912498,7008.93806705802
4883.06893,0.00185810626579527,1052123.47788998,700.489559305391,7014.15651926653
4883.07893,0.00186142055542006,1052905.31788999,701.739017057842,7019.36878593327
4883.08892,0.0018647456579244,1053686.23005874,702.992551169851,7024.57486705824
4883.09892,0.0018680815733083,1054466.21439621,704.250161641417,7029.77476264143
4883.10892,0.00187142830157175,1055245.27090243,705.51184847254,7034.96847268285
4883.11892,0.00187478584271476,1056023.39957737,706.777611663222,7040.15599718249
4883.12891,0.00187815419673733,1056800.60042106,708.04745121346,7045.33733614037
4883.13891,0.00188153336363945,1057576.87343347,709.321367123256,7050.51248955647
4883.14891,0.00188492334342113,1058352.21861462,710.599359392609,7055.6814574308
4883.15891,0.00188832413608237,1059126.6359645,711.88142802152,7060.84423976336
4883.1689,0.00189173574162316,1059900.12548312,713.167573009989,7066.00083655414
4883.1789,0.00189515816004352,1060672.68717047,714.457794358015,7071.15124780316
4883.1889,0.00189859139134342,1061444.32102656,715.752092065598,7076.29547351039
4883.1989,0.00190203543552288,1062215.02705138,717.050466132738,7081.43351367586
4883.20889,0.0019054902925819,1062984.80524493,718.352916559437,7086.56536829955
4883.21889,0.00190895596252048,1063753.65560722,719.659443345693,7091.69103738147
4883.22889,0.00191243244533861,1064521.57813824,720.970046491505,7096.81052092163
4883.23888,0.0019159197410363,1065288.572838,722.284725996876,7101.92381892
4883.24888,0.00191941784961355,1066054.63970649,723.603481861804,7107.03093137661
4883.25888,0.00192292677107035,1066819.77874372,724.926314086289,7112.13185829144
4883.26888,0.00192644650540671,1067583.98994968,726.253222670333,7117.2265996645
4883.27887,0.00192997705262262,1068347.27332437,727.584207613932,7122.31515549578
4883.28887,0.00193351841271809,1069109.6288678,728.91926891709,7127.39752578531
4883.29887,0.00193707058569312,1069871.05657996,730.258406579805,7132.47371053305
4883.30887,0.0019406335715477,1070631.55646085,731.601620602079,7137.54370973902
4883.31886,0.00194420737028184,1071391.12851048,732.948910983909,7142.60752340321
4883.32886,0.00194779198189554,1072149.77272885,734.300277725296,7147.66515152564
4883.33886,0.00195138740638879,1072907.48911594,735.655720826241,7152.7165941063
4883.34886,0.0019549936437616,1073664.27767178,737.015240286743,7157.76185114518
4883.35885,0.00195861069401397,1074420.13839634,738.378836106803,7162.80092264228
4883.36885,0.00196223855714589,1075175.07128964,739.746508286421,7167.83380859762
4883.37885,0.00196587723315737,1075929.07635168,741.118256825596,7172.86050901119
4883.38885,0.00196952672204841,1076682.15358245,742.494081724328,7177.88102388297
4883.39884,0.001973187023819,1077434.30298195,743.873982982618,7182.89535321299
4883.40884,0.00197685813846915,1078185.52455019,745.257960600466,7187.90349700124
4883.41884,0.00198054006599886,1078935.81828716,746.64601457787,7192.90545524772
4883.42884,0.00198423280640812,1079685.18419286,748.038144914832,7197.90122795242
4883.43883,0.00198793635969694,1080433.6222673,749.434351611352,7202.89081511534
4883.44883,0.00199165072586531,1081181.13251047,750.83463466743,7207.87421673649
4883.45883,0.00199537590491324,1081927.71492238,752.238994083064,7212.85143281588
4883.46882,0.00199911189684073,1082673.36950302,753.647429858256,7217.82246335349
4883.47882,0.00200285870164777,1083418.0962524,755.059941993005,7222.78730834932
4883.48882,0.00200661631933438,1084161.89517051,756.476530487313,7227.74596780339
4883.49882,0.00201038474990053,1084904.76625735,757.897195341176,7232.69844171569
4883.50881,0.00201416399334625,1085646.70951293,759.321936554598,7237.64473008621
4883.51881,0.00201795404967152,1086387.72493724,760.750754127577,7242.58483291496
4883.52881,0.00202175491887635,1087127.81253029,762.183648060115,7247.51875020194
4883.53881,0.00202556660096073,1087866.97229207,763.620618352208,7252.44648194715
4883.5488,0.00202938909592467,1088605.20422259,765.06166500386,7257.36802815058
4883.5588,0.00203322240376816,1089342.50832184,766.506788015069,7262.28338881223
4883.5688,0.00203706652449122,1090078.88458982,767.955987385836,7267.19256393212
4883.5788,0.00204092145809383,1090814.33302653,769.40926311616,7272.09555351023
4883.58879,0.00204478720457599,1091548.85363199,770.866615206041,7276.99235754658
4883.59879,0.00204866376393772,1092282.44640617,772.328043655481,7281.88297604114
4883.60879,0.00205255113617899,1093015.11134909,773.793548464477,7286.76740899395
4883.61879,0.00205644932129983,1093746.84846074,775.263129633031,7291.64565640496
4883.62878,0.00206035831930022,1094477.65774113,776.736787161143,7296.51771827421
4883.63878,0.00206427813018017,1095207.53919025,778.214521048811,7301.3835946017
4883.64878,0.00206820875393967,1095936.49280811,779.696331296037,7306.24328538741
4883.65878,0.00207215019057873,1096664.5185947,781.182217902821,7311.09679063134
4883.66877,0.00207610244009735,1097391.61655003,782.672180869162,7315.9441103335
4883.67877,0.00208006550249553,1098117.78667408,784.16622019506,7320.78524449389
4883.68877,0.00208403937777326,1098843.02896688,785.664335880517,7325.62019311252
4883.69876,0.00208802406593054,1099567.3434284,787.16652792553,7330.44895618935
4883.70876,0.00209201956696739,1100290.73005866,788.672796330101,7335.27153372443
4883.71876,0.00209602588088379,1101013.18885766,790.18314109423,7340.08792571773
4883.72876,0.00210004300767974,1101734.71982539,791.697562217916,7344.89813216925
4883.73875,0.00210407094735526,1102455.32296185,793.216059701159,7349.70215307901
4883.74875,0.00210810969991033,1103174.99826705,794.73863354396,7354.499988447
4883.75875,0.00211215926534495,1103893.74574098,796.265283746318,7359.29163827321
4883.76875,0.00211621964365914,1104611.56538365,797.796010308234,7364.07710255764
4883.77874,0.00212029083485287,1105328.45719505,799.330813229706,7368.85638130031
4883.78874,0.00212437283892617,1106044.42117518,800.869692510737,7373.6294745012
4883.79874,0.00212846565587902,1106759.45732405,802.412648151324,7378.39638216032
4883.80874,0.00213256928571143,1107473.56564165,803.959680151471,7383.15710427767
4883.81873,0.00213668372842339,1108186.74612799,805.510788511174,7387.91164085324
4883.82873,0.00214080898401491,1108898.99878306,807.065973230434,7392.65999188705
4883.83873,0.00214494505248599,1109610.32360686,808.625234309253,7397.40215737907
4883.84873,0.00214909193383663,1110320.7205994,810.188571747628,7402.13813732934
4883.85872,0.00215324962806682,1111030.18976067,811.75598554556,7406.86793173782
4883.86872,0.00215741813517657,1111738.73109068,813.327475703052,7411.59154060453
4883.87872,0.00216159745516587,1112446.34458942,814.903042220099,7416.30896392947
4883.88872,0.00216578758803473,1113153.0302569,816.482685096704,7421.02020171265
4883.89871,0.00216998853378315,1113858.78809311,818.066404332867,7425.72525395404
4883.90871,0.00217420029241112,1114563.61809805,819.654199928587,7430.42412065367
4883.91871,0.00217842286391865,1115267.52027173,821.246071883865,7435.11680181152
4883.92871,0.00218265624830574,1115970.49461414,822.842020198699,7439.8032974276
4883.9387,0.00218690044557238,1116672.54112529,824.442044873091,7444.4836075019
4883.9487,0.00219115545571858,1117373.65980516,826.046145907042,7449.15773203443
4883.9587,0.00219542127874433,1118073.85065378,827.654323300549,7453.8256710252
4883.96869,0.00219969791464965,1118773.11367113,829.266577053614,7458.48742447418
4883.97869,0.00220398536343452,1119471.44885721,830.882907166237,7463.1429923814
4883.98869,0.00220828362509894,1120168.85621203,832.503313638416,7467.79237474684
4883.99869,0.00221259269964292,1120865.33573558,834.127796470154,7472.43557157052
4884.00868,0.00221691258706646,1121560.88742786,835.756355661449,7477.07258285242
4884.01868,0.00222124328736955,1122255.51128888,837.3889912123,7481.70340859254
4884.02868,0.0022255848005522,1122949.20731863,839.025703122709,7486.3280487909
4884.03868,0.00222993712661441,1123641.97551712,840.666491392677,7490.94650344748
4884.04867,0.00223430026555618,1124333.81588434,842.311356022201,7495.55877256229
4884.05867,0.0022386742173775,1125024.7284203,843.960297011283,7500.16485613532
4884.06867,0.00224305898207838,1125714.71312499,845.613314359924,7504.76475416658
4884.07867,0.0022439020453782,1125793.27501948,845.931141736232,7505.28850012984
4884.08866,0.00224692277120923,1125899.78514655,847.069928545743,7505.99856764368
4884.09866,0.00225133405830374,1126590.90132682,848.732944601221,7510.60600884544
4884.10866,0.00225575646856619,1127281.16498233,850.400153992225,7515.20776654886
4884.11866,0.00226019000199659,1127970.57611309,852.071556718751,7519.80384075394
4884.12865,0.00226463465859493,1128659.1347191,853.7471527808,7524.39423146067
4884.13865,0.00226909043836122,1129346.84080036,855.426942178374,7528.97893866905
4884.14865,0.00227355734129545,1130033.69435687,857.110924911471,7533.5579623791
4884.15865,0.00227803536739762,1130719.69538862,858.799100980092,7538.1313025908
4884.16864,0.00228252451666774,1131404.84389562,860.491470384235,7542.69895930416
4884.17864,0.0022870247891058,1132089.13987788,862.188033123903,7547.26093251918
4884.18864,0.00229153618471181,1132772.58333538,863.888789199095,7551.81722223584
4884.19863,0.00229605870348575,1133455.17426812,865.59373860981,7556.36782845416
4884.20863,0.00230059234542765,1134136.91267612,867.302881356048,7560.91275117415
4884.21863,0.00230513711053748,1134817.79855937,869.016217437811,7565.45199039579
4884.22863,0.00230969299881526,1135497.83191786,870.733746855095,7569.98554611908
4884.23862,0.00231426001026098,1136177.01275161,872.455469607905,7574.51341834404
4884.24862,0.00231883814487465,1136855.3410606,874.181385696236,7579.03560707065
4884.25862,0.00232342740265626,1137532.81684484,875.911495120093,7583.5521122989
4884.26862,0.00232802778360581,1138209.44010432,877.645797879473,7588.06293402882
4884.27861,0.00233263928772331,1138885.21083906,879.384293974376,7592.5680722604
4884.28861,0.00233726191500875,1139560.12904904,881.126983404804,7597.06752699363
4884.29861,0.00234189566546213,1140234.19473428,882.873866170753,7601.56129822852
4884.30861,0.00234654053908346,1140907.40789476,884.624942272227,7606.04938596507
4884.3186,0.00235119653587273,1141579.76853049,886.380211709225,7610.53179020327
4884.3286,0.00235586365582994,1142251.27664147,888.139674481746,7615.00851094313
4884.3386,0.00236054189895511,1142921.9322277,889.903330589791,7619.47954818464
4884.3486,0.00236523126524821,1143591.73528917,891.671180033359,7623.94490192781
4884.35859,0.00236993175470925,1144260.6858259,893.443222812451,7628.40457217264
4884.36859,0.00237464336733824,1144928.78383787,895.219458927065,7632.85855891912
4884.37859,0.00237936610313517,1145596.02932509,896.999888377205,7637.30686216726
4884.38859,0.00238409996210005,1146262.42228756,898.784511162867,7641.74948191705
4884.39858,0.00238884494423287,1146927.96272528,900.573327284053,7646.18641816851
4884.40858,0.00239360104953363,1147592.65063824,902.366336740762,7650.61767092161
4884.41858,0.00239836827800234,1148256.48602646,904.163539532995,7655.04324017637
4884.42857,0.00240314662963899,1148919.46888992,905.964935660752,7659.4631259328
4884.43857,0.00240793610444359,1149581.59922863,907.770525124032,7663.87732819087
4884.44857,0.00241273670241613,1150242.87704259,909.580307922837,7668.28584695061
4884.45857,0.00241754842355661,1150903.3023318,911.394284057164,7672.688682212
4884.46856,0.00242237126786503,1151562.87509626,913.212453527014,7677.08583397504
4884.47856,0.0024272052353414,1152221.59533596,915.034816332389,7681.47730223975
4884.48856,0.00243205032598572,1152879.46305092,916.861372473286,7685.8630870061
4884.49856,0.00243690653979797,1153536.47824112,918.692121949709,7690.24318827411
4884.50855,0.00244177387677817,1154192.64090657,920.527064761654,7694.61760604379
4884.51855,0.00244665233692632,1154847.95104727,922.366200909123,7698.98634031512
4884.52855,0.00245154192024241,1155502.40866321,924.209530392115,7703.3493910881
4884.53855,0.00245644262672644,1156156.01375441,926.057053210631,7707.70675836273
4884.54854,0.00246135445637841,1156808.76632085,927.90876936467,7712.05844213903
4884.55854,0.00246627740919833,1157460.66636255,929.764678854233,7716.40444241698
4884.56854,0.00247121148518619,1158111.71387949,931.624781679319,7720.7447591966
4884.57854,0.002476156684342,1158761.90887168,933.48907783993,7725.07939247786
4884.58853,0.00248111300666575,1159411.25133912,935.357567336063,7729.40834226078
4884.59853,0.00248608045215744,1160059.7412818,937.23025016772,7733.73160854535
4884.60853,0.00249105902081707,1160707.37869974,939.107126334901,7738.04919133159
4884.61853,0.00249604871264465,1161354.16359292,940.988195837605,7742.36109061948
4884.62852,0.00250104952764018,1162000.09596135,942.873458675833,7746.66730640903
4884.63852,0.00250606146580365,1162645.17580503,944.762914849584,7750.96783870023
4884.64852,0.00251108452713506,1163289.40312396,946.656564358859,7755.26268749309
4884.65852,0.00251611871163441,1163932.77791814,948.554407203658,7759.5518527876
4884.66851,0.00252116401930171,1164575.30018757,950.45644338398,7763.83533458377
4884.67851,0.00252622045013695,1165216.96993224,952.362672899826,7768.1131328816
4884.68851,0.00253128800414014,1165857.78715216,954.273095751195,7772.38524768108
4884.6985,0.00253636668131127,1166497.75184733,956.187711938088,7776.65167898222
4884.7085,0.00254145648165034,1167136.86401775,958.106521460503,7780.91242678502
4884.7185,0.00254655740515735,1167775.12366342,960.029524318443,7785.16749108947
4884.7285,0.00255166945183231,1168412.53078434,961.956720511907,7789.41687189558
4884.73849,0.00255679262167522,1169049.0853805,963.888110040895,7793.66056920334
4884.74849,0.00256192691468606,1169684.78745191,965.823692905405,7797.89858301276
4884.75849,0.00256707233086485,1170319.63699858,967.763469105438,7802.13091332384
4884.76849,0.00257222887021159,1170953.63402049,969.707438640997,7806.35756013657
4884.77848,0.00257739653272627,1171586.77851765,971.655601512078,7810.57852345097
4884.78848,0.00258257531840889,1172219.07049005,973.607957718683,7814.79380326701
4884.79848,0.00258776522725946,1172850.50993771,975.564507260812,7819.00339958472
4884.80848,0.00259296625927797,1173481.09686061,977.525250138464,7823.20731240408
4884.81847,0.00259817841446442,1174110.83125876,979.490186351639,7827.40554172509
4884.82847,0.00260340169281881,1174739.71313216,981.459315900338,7831.59808754777
4884.83847,0.00260863609434115,1175367.74248081,983.43263878456,7835.78494987209
4884.84847,0.00261388161903144,1175994.91930471,985.410155004307,7839.96612869807
4884.85846,0.00261913826688966,1176621.24360386,987.391864559577,7844.14162402571
4884.86846,0.00262440603791583,1177246.71537825,989.37776745037,7848.311435855
4884.87846,0.00262968493210995,1177871.33462789,991.367863676687,7852.47556418596
4884.88846,0.00263497494947201,1178495.10135279,993.362153238527,7856.63400901857
4884.89845,0.00264027609000201,1179118.01555293,995.360636135891,7860.78677035284
4884.90845,0.00264558835369995,1179740.07722831,997.363312368779,7864.93384818876
4884.91845,0.00265091174056584,1180361.28637895,999.37018193719,7869.07524252634
4884.92844,0.00265624625059967,1180981.64300484,1001.38124484112,7873.21095336557
4884.93844,0.00266159188380145,1181601.14710597,1003.39650108058,7877.34098070646
4884.94844,0.00266694864017117,1182219.79868235,1005.41595065557,7881.46532454901
4884.95844,0.00267231651970883,1182837.59773398,1007.43959356607,7885.58398489321
4884.96843,0.00267769552241444,1183454.54426086,1009.4674298121,7889.69696173907
4884.97843,0.00268308564828799,1184070.63826299,1011.49945939365,7893.80425508659
4884.98843,0.00268848689732948,1184685.87974036,1013.53568231073,7897.90586493576
4884.99843,0.00269389926953892,1185300.26869299,1015.57609856333,7902.00179128658
4885.00842,0.0026993227649163,1185913.80512086,1017.62070815145,7906.09203413907
4885.01842,0.00270475738346163,1186526.48902398,1019.6695110751,7910.17659349321
4885.02842,0.0027102031251749,1187138.32040235,1021.72250733427,7914.25546934902
4885.03842,0.00271565999005611,1187749.29925597,1023.77969692896,7918.32866170645
4885.04841,0.00272112797810526,1188359.42558483,1025.84107985918,7922.39617056556
4885.05841,0.00272660708932237,1188968.69938895,1027.90665612492,7926.45799592634
4885.06841,0.00273209732370741,1189577.12066831,1029.97642572618,7930.51413778876
4885.07841,0.00273759868126039,1190184.68942293,1032.05038866297,7934.56459615284
4885.0884,0.00274311116198133,1190791.40565279,1034.12854493528,7938.60937101857
4885.0984,0.0027486347658702,1191397.26935789,1036.21089454312,7942.64846238596
4885.1084,0.00275416949292702,1192002.28053825,1038.29743748648,7946.68187025501
4885.1184,0.00275971534315178,1192606.43919386,1040.38817376536,7950.70959462571
4885.12839,0.00276527231654448,1193209.74532471,1042.48310337976,7954.73163549807
4885.13839,0.00277084041310513,1193812.19893081,1044.58222632969,7958.7479928721
4885.14839,0.00277641963283372,1194413.80001216,1046.68554261515,7962.75866674776
4885.15838,0.00278200997573026,1195014.54856876,1048.79305223612,7966.76365712509
4885.16838,0.00278761144179474,1195614.44460061,1050.90475519262,7970.76296400408
4885.17838,0.00279322403102716,1196213.48810771,1053.02065148465,7974.75658738472
4885.18838,0.00279884774342753,1196811.67909005,1055.14074111219,7978.74452726702
4885.19837,0.00280448257899584,1197409.01754764,1057.26502407527,7982.72678365097
4885.20837,0.00281012853773209,1198005.50348049,1059.39350037386,7986.70335653658
4885.21837,0.00281578561963629,1198601.13688858,1061.52617000798,7990.67424592385
4885.22837,0.00282145382470843,1199195.91777191,1063.66303297762,7994.63945181277
4885.23836,0.00282713315294851,1199789.8461305,1065.80408928278,7998.59897420335
4885.24836,0.00283282360435654,1200382.92196434,1067.94933892347,8002.55281309558
4885.25836,0.00283852517893252,1200975.14527342,1070.09878189969,8006.50096848948
4885.26836,0.00284423787667643,1201566.51605775,1072.25241821142,8010.44344038502
4885.27835,0.00284996169758829,1202157.03431733,1074.41024785868,8014.38022878222
4885.28835,0.00285569664166809,1202746.70005216,1076.57227084146,8018.31133368108
4885.29835,0.00286144270891584,1203335.51326224,1078.73848715977,8022.23675508161
4885.30835,0.00286719989933153,1203923.47394757,1080.9088968136,8026.15649298377
4885.31834,0.00287296821291516,1204510.58210814,1083.08349980295,8030.07054738761
4885.32834,0.00287874764966674,1205096.83774396,1085.26229612783,8033.97891829309
4885.33834,0.00288453820958626,1205682.24085503,1087.44528578823,8037.88160570023
4885.34834,0.00289033989267373,1206266.79144135,1089.63246878416,8041.77860960902
4885.35833,0.00289615269892913,1206850.48950292,1091.8238451156,8045.66993001948
4885.36833,0.00290197662835248,1207433.33503974,1094.01941478257,8049.55556693159
4885.37833,0.00290781168094378,1208015.3280518,1096.21917778507,8053.43552034536
4885.38833,0.00291365785670302,1208596.46853912,1098.42313412309,8057.30979026078
4885.39832,0.0029195151556302,1209176.75650168,1100.63128379663,8061.17837667786
4885.40832,0.00292538357772533,1209756.19193949,1102.84362680569,8065.0412795966
4885.41832,0.0029312631229884,1210334.77485255,1105.06016315028,8068.89849901699
4885.42831,0.00293715379141941,1210912.50524086,1107.2808928304,8072.75003493903
4885.43831,0.00294305558301837,1211489.38310441,1109.50581584603,8076.59588736274
4885.44831,0.00294896849778527,1212065.40844322,1111.73493219719,8080.4360562881
4885.45831,0.00295489253572012,1212640.58125727,1113.96824188388,8084.27054171512
4885.4683,0.0029608276968229,1213214.90154657,1116.20574490608,8088.09934364378
4885.4783,0.00296677398109363,1213788.36931112,1118.44744126381,8091.92246207412
4885.4883,0.00297273138853231,1214360.98455092,1120.69333095707,8095.73989700611
4885.4983,0.00297869991913893,1214932.74726596,1122.94341398584,8099.55164843975
4885.50829,0.00298467957291349,1215503.65745626,1125.19769035014,8103.35771637504
4885.51829,0.002990670349856,1216073.7151218,1127.45616004997,8107.158100812
4885.52829,0.00299667224996645,1216642.92026259,1129.71882308532,8110.95280175062
4885.53829,0.00300268527324484,1217211.27287863,1131.98567945619,8114.74181919088
4885.54828,0.00300870941969118,1217778.77296992,1134.25672916259,8118.5251531328
4885.55828,0.00301474468930546,1218345.42053646,1136.5319722045,8122.30280357638
4885.56828,0.00302079108208768,1218911.21557824,1138.81140858195,8126.07477052162
4885.57828,0.00302684859803785,1219476.15809528,1141.09503829491,8129.84105396851
4885.58827,0.00303291723715596,1220040.24808756,1143.3828613434,8133.60165391705
4885.59827,0.00303899699944202,1220603.48555509,1145.67487772742,8137.35657036725
4885.60827,0.00304508788489602,1221165.87049787,1147.97108744695,8141.10580331913
4885.61827,0.00305118989351796,1221727.4029159,1150.27149050201,8144.84935277264
4885.62826,0.00305730302530784,1222288.08280917,1152.5760868926,8148.58721872781
4885.63826,0.00306342728026567,1222847.9101777,1154.8848766187,8152.31940118464
4885.64826,0.00306956265839145,1223406.88502147,1157.19785968034,8156.04590014313
4885.65825,0.00307570915968516,1223965.00734049,1159.51503607749,8159.76671560328
4885.66825,0.00308186678414682,1224522.27713476,1161.83640581017,8163.48184756507
4885.67825,0.00308803553177643,1225078.69440428,1164.16196887837,8167.19129602853
4885.68825,0.00309421540257398,1225634.25914905,1166.49172528209,8170.89506099364
4885.69824,0.00310040639653947,1226188.97136906,1168.82567502134,8174.59314246041
4885.70824,0.0031066085136729,1226742.83106433,1171.16381809611,8178.28554042883
4885.71824,0.00311282175397428,1227295.83823484,1173.50615450641,8181.97225489891
4885.72824,0.0031190461174436,1227847.9928806,1175.85268425223,8185.65328587065
4885.73823,0.00312528160408087,1228399.2950016,1178.20340733357,8189.32863334403
4885.74823,0.00313152821388608,1228949.74459786,1180.55832375044,8192.99829731909
4885.75823,0.00313778594685923,1229499.34166937,1182.91743350283,8196.66227779579
4885.76823,0.00314405480300033,1230048.08621612,1185.28073659075,8200.32057477415
4885.77822,0.00315033478230937,1230595.97823813,1187.64823301418,8203.97318825417
4885.78822,0.00315662588478635,1231143.01773538,1190.01992277314,8207.62011823585
4885.79822,0.00316292811043128,1231689.20470788,1192.39580586763,8211.26136471918
4885.80822,0.00316924145924415,1232234.53915562,1194.77588229763,8214.89692770417
4885.81821,0.00317556593122497,1232779.02107862,1197.16015206317,8218.52680719081
4885.82821,0.00318190152637373,1233322.65047687,1199.54861516422,8222.1510031791
4885.83821,0.00318824824469043,1233865.42735036,1201.9412716008,8225.76951566906
4885.84821,0.00319460608617507,1234407.3516991,1204.3381213729,8229.38234466067
4885.8582,0.00320097505082766,1234948.42352309,1206.73916448053,8232.98949015393
4885.8682,0.00320735513864819,1235488.64282233,1209.14440092368,8236.59095214886
4885.8782,0.00321374634963667,1236028.00959682,1211.55383070235,8240.18673064544
4885.88819,0.00322014868379309,1236566.52384655,1213.96745381655,8243.77682564368
4885.89819,0.00322656214111746,1237104.18557154,1216.38527026627,8247.36123714357
4885.90819,0.00323298672160976,1237640.99477177,1218.80728005151,8250.93996514513
4885.91819,0.00323942242527001,1238176.95144725,1221.23348317228,8254.51300964833
4885.92818,0.00324586925209821,1238712.05559798,1223.66387962857,8258.0803706532
4885.93818,0.00325232720209435,1239246.30722396,1226.09846942038,8261.64204815971
4885.94818,0.00325879627525843,1239779.70632518,1228.53725254772,8265.19804216788
4885.95818,0.00326527647159045,1240312.25290166,1230.98022901058,8268.74835267771
4885.96817,0.00327176779109042,1240843.94695338,1233.42739880897,8272.2929796892
4885.97817,0.00327827023375834,1241374.78848035,1235.87876194288,8275.83192320235
4885.98817,0.00328478379959419,1241904.77748257,1238.33431841231,8279.36518321714
4885.99817,0.00329130848859799,1242433.91396004,1240.79406821726,8282.8927597336
4886.00816,0.00329784430076973,1242962.19791276,1243.25801135774,8286.41465275172
4886.01816,0.00330439123610942,1243489.62934072,1245.72614783374,8289.93086227148
4886.02816,0.00331094929461705,1244016.20824393,1248.19847764527,8293.44138829289
4886.03816,0.00331751847629263,1244541.9346224,1250.67500079232,8296.94623081599
4886.04815,0.00332409878113615,1245066.80847611,1253.15571727489,8300.44538984072
4886.05815,0.00333069020914761,1245590.82980507,1255.64062709299,8303.93886536712
4886.06815,0.00333729276032702,1246113.99860928,1258.12973024661,8307.42665739517
4886.07815,0.00334390643467436,1246636.31488873,1260.62302673575,8310.90876592487
4886.08814,0.00335053123218966,1247157.77864343,1263.12051656042,8314.38519095623
4886.09814,0.00335716715287289,1247678.38987339,1265.62219972061,8317.85593248925
4886.10814,0.00336381419672407,1248198.14857859,1268.12807621633,8321.32099052392
4886.11814,0.0033704723637432,1248717.05475904,1270.63814604757,8324.78036506026
4886.12813,0.00337714165393026,1249235.10841474,1273.15240921433,8328.23405609825
4886.13813,0.00338382206728528,1249752.30954568,1275.67086571661,8331.68206363789
4886.14813,0.00339051360380823,1250268.65815188,1278.19351555442,8335.12438767919
4886.15812,0.00339721626349912,1250784.15423332,1280.72035872775,8338.56102822215
4886.16812,0.00340393004635797,1251298.79779001,1283.25139523661,8341.99198526676
4886.17812,0.00341065495238475,1251812.58882195,1285.78662508099,8345.41725881303
4886.18812,0.00341739098157949,1252325.52732914,1288.32604826089,8348.83684886095
4886.19811,0.00342413813394216,1252837.61331158,1290.86966477632,8352.25075541053
4886.20811,0.00343089640947277,1253348.84676927,1293.41747462727,8355.65897846177
4886.21811,0.00343766580817133,1253859.2277022,1295.96947781374,8359.06151801466
4886.22811,0.00344444633003783,1254368.75611038,1298.52567433574,8362.45837406921
4886.2381,0.00345123797507228,1254877.43199381,1301.08606419326,8365.84954662543
4886.2481,0.00345804074327467,1255385.25535249,1303.65064738631,8369.23503568329
4886.2581,0.003464854634645,1255892.22618642,1306.21942391488,8372.61484124281
4886.2681,0.00347167964918329,1256398.3444956,1308.79239377897,8375.98896330397
4886.27809,0.00347851578688951,1256903.61028002,1311.36955697858,8379.35740186682
4886.28809,0.00348536304776367,1257408.02353969,1313.95091351372,8382.7201569313
4886.29809,0.00349222143180578,1257911.58427462,1316.53646338438,8386.07722849746
4886.30809,0.00349909093901583,1258414.29248479,1319.12620659057,8389.42861656525
4886.31808,0.00350597156939383,1258916.14817021,1321.72014313228,8392.7743211347
4886.32808,0.00351286332293977,1259417.15133087,1324.31827300951,8396.11434220582
4886.33808,0.00351976619965365,1259917.30196679,1326.92059622227,8399.44867977858
4886.34808,0.00352668019953548,1260416.60007795,1329.52711277055,8402.77733385301
4886.35807,0.00353360532258525,1260915.04566436,1332.13782265435,8406.10030442909
4886.36807,0.00354054156880296,1261412.63872603,1334.75272587368,8409.41759150684
4886.37807,0.00354748893818862,1261909.37926293,1337.37182242853,8412.72919508622
4886.38806,0.00355444743074222,1262405.26727509,1339.9951123189,8416.03511516727
4886.39806,0.00356141704646377,1262900.3027625,1342.6225955448,8419.33535174999
4886.40806,0.00356839778535326,1263394.48572515,1345.25427210623,8422.62990483435
4886.41806,0.00357538964741069,1263887.81616305,1347.89014200317,8425.91877442037
4886.42805,0.00358239263263606,1264380.2940762,1350.53020523564,8429.20196050803
4886.43805,0.00358940674102938,1264871.91946461,1353.17446180363,8432.47946309738
4886.44805,0.00359643197259065,1265362.69232825,1355.82291170715,8435.75128218835
4886.45805,0.00360346832731985,1265852.61266715,1358.47555494618,8439.01741778101
4886.46804,0.003610515805217,1266341.6804813,1361.13239152075,8442.2778698753
4886.47804,0.0036175744062821,1266829.89577069,1363.79342143083,8445.53263847127
4886.48804,0.00362464413051513,1267317.25853533,1366.45864467644,8448.78172356887
4886.49804,0.00363172497791611,1267803.76877522,1369.12806125758,8452.02512516815
4886.50803,0.00363881694848504,1268289.42649036,1371.80167117424,8455.26284326908
4886.51803,0.00364592004222191,1268774.23168075,1374.47947442642,8458.49487787166
4886.52803,0.00365303425912672,1269258.18434638,1377.16147101412,8461.72122897589
4886.53803,0.00366015959919948,1269741.28448727,1379.84766093735,8464.94189658179
4886.54802,0.00366729606244017,1270223.5321034,1382.5380441961,8468.15688068934
4886.55802,0.00367444364884882,1270704.92719478,1385.23262079037,8471.36618129855
4886.56802,0.0036816023584254,1271185.46976141,1387.93139072017,8474.56979840941
4886.57802,0.00368877219116994,1271665.15980329,1390.6343539855,8477.76773202193
4886.58801,0.00369595314708241,1272143.99732042,1393.34151058634,8480.95998213611
4886.59801,0.00370314522616283,1272621.98231279,1396.05286052271,8484.14654875193
4886.60801,0.00371034842841118,1273099.11478041,1398.7684037946,8487.32743186943
4886.61801,0.00371756275382749,1273575.39472328,1401.48814040202,8490.50263148856
4886.628,0.00372478820241174,1274050.82214141,1404.21207034496,8493.67214760937
4886.638,0.00373202477416393,1274525.39703478,1406.94019362342,8496.83598023184
4886.648,0.00373927246908407,1274999.11940339,1409.67251023741,8499.99412935594
4886.65799,0.00374653128717215,1275471.98924726,1412.40902018692,8503.14659498172
4886.66799,0.00375380122842817,1275944.00656637,1415.14972347195,8506.29337710914
4886.67799,0.00376108229285214,1276415.17136073,1417.89462009251,8509.43447573821
4886.68799,0.00376837448044405,1276885.48363034,1420.64371004859,8512.56989086895
4886.69798,0.0037756777912039,1277354.9433752,1423.3969933402,8515.69962250136
4886.70798,0.00378299222513169,1277823.55059531,1426.15446996732,8518.82367063541
4886.71798,0.00379031778222744,1278291.30529067,1428.91613992998,8521.94203527111
4886.72798,0.00379765446249112,1278758.20746127,1431.68200322815,8525.05471640847
4886.73797,0.00380500226592275,1279224.25710713,1434.45205986185,8528.16171404751
4886.74797,0.00381236119252232,1279689.45422823,1437.22630983107,8531.26302818817
4886.75797,0.00381973124228984,1280153.79882458,1440.00475313582,8534.3586588305
4886.76797,0.0038271124152253,1280617.29089617,1442.78738977609,8537.4486059745
4886.77796,0.0038345047113287,1281079.93044302,1445.57421975188,8540.53286962014
4886.78796,0.00384190813060004,1281541.71746512,1448.3652430632,8543.61144976745
4886.79796,0.00384932267303934,1282002.65196246,1451.16045971004,8546.6843464164
4886.80796,0.00385674833864657,1282462.73393505,1453.95986969241,8549.75155956702
4886.81795,0.00386418512742174,1282921.96338289,1456.76347301029,8552.8130892193
4886.82795,0.00387163303936486,1283380.34030598,1459.5712696637,8555.8689353732
4886.83795,0.00387909207447593,1283837.86470432,1462.38325965264,8558.9190980288
4886.84795,0.00388656223275494,1284294.53657791,1465.1994429771,8561.96357718603
4886.85794,0.00389404351420189,1284750.35592674,1468.01981963708,8565.00237284493
4886.86794,0.00390153591881678,1285205.32275082,1470.84438963258,8568.03548500548
4886.87794,0.00390903944659963,1285659.43705016,1473.67315296361,8571.0629136677
4886.88793,0.00391655409755041,1286112.69882473,1476.50610963016,8574.08465883157
4886.89793,0.00392407987166913,1286565.10807456,1479.34325963224,8577.10072049709
4886.90793,0.00393161676895581,1287016.66479964,1482.18460296984,8580.11109866425
4886.91793,0.00393916478941042,1287467.36899996,1485.03013964296,8583.11579333309
4886.92792,0.00394672393303297,1287917.22067554,1487.87986965161,8586.11480450358
4886.93792,0.00395429419982347,1288366.21982636,1490.73379299578,8589.10813217572
4886.94792,0.00396187558978192,1288814.36645243,1493.59190967547,8592.09577634951
4886.95792,0.0039694681029083,1289261.66055375,1496.45421969069,8595.07773702498
4886.96791,0.00397707173920263,1289708.10213031,1499.32072304143,8598.05401420208
4886.97791,0.00398468649866492,1290153.69118213,1502.1914197277,8601.02460788087
4886.98791,0.00399231238129513,1290598.42770919,1505.06630974948,8603.98951806128
4886.99791,0.00399994938709329,1291042.31171151,1507.94539310679,8606.94874474338
4887.0079,0.0040075975160594,1291485.34318907,1510.82866979963,8609.90228792712
4887.0179,0.00401525676819345,1291927.52214188,1513.71613982799,8612.85014761252
4887.0279,0.00402292714349544,1292368.84856993,1516.60780319187,8615.79232379956
4887.0379,0.00403060864196538,1292809.32247324,1519.50365989128,8618.72881648828
4887.04789,0.00403830126360326,1293248.9438518,1522.4037099262,8621.65962567865
4887.05789,0.00404600500840908,1293687.7127056,1525.30795329666,8624.58475137067
4887.06789,0.00405371987638285,1294125.62903465,1528.21639000264,8627.50419356434
4887.07789,0.00406144586752456,1294562.69283895,1531.12902004414,8630.41795225968
4887.08788,0.00406918298183423,1294998.9041185,1534.04584342116,8633.32602745667
4887.09788,0.00407693121931182,1295434.2628733,1536.96686013371,8636.22841915532
4887.10788,0.00408469057995736,1295868.76910334,1539.89207018178,8639.12512735561
4887.11787,0.00409246106377084,1296302.42280863,1542.82147356537,8642.01615205756
4887.12787,0.00410024267075227,1296735.22398918,1545.75507028449,8644.90149326118
4887.13787,0.00410803540090164,1297167.17264497,1548.69286033913,8647.78115096645
4887.14787,0.00411583925421897,1297598.26877601,1551.6348437293,8650.65512517339
4887.15786,0.00412365423070423,1298028.51238229,1554.58102045498,8653.52341588196
4887.16786,0.00413148033035743,1298457.90346383,1557.5313905162,8656.38602309221
4887.17786,0.00413931755317858,1298886.44202062,1560.48595391293,8659.2429468041
4887.18786,0.00414716589916766,1299314.12805265,1563.44471064519,8662.09418701765
4887.19785,0.00415502536832471,1299740.96155993,1566.40766071297,8664.93974373288
4887.20785,0.00416289596064968,1300166.94254246,1569.37480411628,8667.77961694973
4887.21785,0.00417077767614261,1300592.07100024,1572.34614085511,8670.61380666825
4887.22785,0.00417867051480347,1301016.34693326,1575.32167092946,8673.44231288843
4887.23784,0.00418657447663228,1301439.77034154,1578.30139433934,8676.26513561027
4887.24784,0.00419448956162903,1301862.34122506,1581.28531108474,8679.08227483376
4887.25784,0.00420241576979372,1302284.05958383,1584.27342116566,8681.89373055888
4887.26784,0.00421035310112637,1302704.92541786,1587.26572458211,8684.69950278571
4887.27783,0.00421830155562695,1303124.93872713,1590.26222133408,8687.49959151417
4887.28783,0.00422626113329548,1303544.09951164,1593.26291142158,8690.29399674428
4887.29783,0.00423423183413195,1303962.40777141,1596.2677948446,8693.08271847605
4887.30783,0.00424221365813636,1304379.86350642,1599.27687160314,8695.86575670948
4887.31782,0.00425020660530872,1304796.46671668,1602.2901416972,8698.64311144455
4887.32782,0.00425821067564902,1305212.21740219,1605.30760512679,8701.4147826813
4887.33782,0.00426622586915727,1305627.11556296,1608.32926189191,8704.18077041971
4887.34782,0.00427425218583346,1306041.16119896,1611.35511199254,8706.94107465976
4887.35781,0.00428228962567759,1306454.35431022,1614.3851554287,8709.69569540146
4887.36781,0.00429033818868967,1306866.69489672,1617.41939220038,8712.44463264483
4887.37781,0.00429839787486968,1307278.18295848,1620.45782230759,8715.18788638984
4887.3878,0.00430646868421765,1307688.81849548,1623.50044575032,8717.92545663653
4887.3978,0.00431455061673355,1308098.60150773,1626.54726252857,8720.65734338486
4887.4078,0.00432264367241741,1308507.53199523,1629.59827264235,8723.38354663485
4887.4178,0.00433074785126921,1308915.60995798,1632.65347609166,8726.10406638651
4887.42779,0.00433886315328895,1309322.83539597,1635.71287287648,8728.81890263981
4887.43779,0.00434698957847663,1309729.20830922,1638.77646299683,8731.52805539477
4887.44779,0.00435512712683225,1310134.72869771,1641.8442464527,8734.23152465139
4887.45779,0.00436327579835582,1310539.39656145,1644.91622324409,8736.92931040966
4887.46778,0.00437143559304734,1310943.21190044,1647.99239337101,8739.62141266957
4887.47778,0.00437960651090679,1311346.17471467,1651.07275683346,8742.30783143116
4887.48778,0.00438778855193419,1311748.28500416,1654.15731363142,8744.98856669441
4887.49778,0.00439598171612953,1312149.5427689,1657.24606376491,8747.66361845931
4887.50777,0.00440418600349281,1312549.94800888,1660.33900723392,8750.33298672585
4887.51777,0.00441240141402405,1312949.50072411,1663.43614403846,8752.99667149406
4887.52777,0.00442062794772323,1313348.20091459,1666.53747417852,8755.65467276395
4887.53777,0.00442886560459034,1313746.04858032,1669.6429976541,8758.30699053545
4887.54776,0.0044371143846254,1314143.04372129,1672.75271446521,8760.95362480862
4887.55776,0.00444537428782841,1314539.18633752,1675.86662461184,8763.59457558347
4887.56776,0.00445364531419935,1314934.47642899,1678.984728094,8766.22984285996
4887.57776,0.00446192746373826,1315328.91399572,1682.10702491168,8768.85942663811
4887.58775,0.00447022073644509,1315722.49903768,1685.23351506488,8771.4833269179
4887.59775,0.00447852513231987,1316115.23155491,1688.3641985536,8774.10154369937
4887.60775,0.00448684065136259,1316507.11154737,1691.49907537785,8776.7140769825
4887.61774,0.00449516729357325,1316898.13901509,1694.63814553762,8779.32092676726
4887.62774,0.00450350505895187,1317288.31395805,1697.78140903292,8781.92209305369
4887.63774,0.00451185394749842,1317677.63637626,1700.92886586374,8784.51757584177
4887.64774,0.00452021395921292,1318066.10626973,1704.08051603008,8787.10737513152
4887.65773,0.00452858509409537,1318453.72363844,1707.23635953195,8789.69149092291
4887.66773,0.00453696735214575,1318840.48848239,1710.39639636934,8792.26992321597
4887.67773,0.00454536073336408,1319226.4008016,1713.56062654225,8794.84267201067
4887.68773,0.00455376523775035,1319611.46059605,1716.72905005069,8797.40973730703
4887.69772,0.00456218086530456,1319995.66786576,1719.90166689465,8799.97111910506
4887.70772,0.00457060761602672,1320379.02261071,1723.07847707413,8802.52681740475
4887.71772,0.00457904548991682,1320761.52483091,1726.25948058914,8805.07683220609
4887.72772,0.00458749448697487,1321143.17452636,1729.44467743967,8807.62116350907
4887.73771,0.00459595460720086,1321523.97169706,1732.63406762573,8810.15981131374
4887.74771,0.0046044258505948,1321903.916343,1735.82765114731,8812.69277562002
4887.75771,0.00461290821715668,1322283.0084642,1739.02542800441,8815.22005642799
4887.76771,0.0046214017068865,1322661.24806064,1742.22739819703,8817.74165373761
4887.7777,0.00462990631978426,1323038.63513233,1745.43356172518,8820.25756754887
4887.7877,0.00463842205584997,1323415.16967927,1748.64391858886,8822.76779786181
4887.7977,0.00464694891508363,1323790.85170146,1751.85846878805,8825.2723446764
4887.8077,0.00465548689748522,1324165.68119889,1755.07721232277,8827.77120799264
4887.81769,0.00466403600305475,1324539.65817158,1758.30014919301,8830.26438781054
4887.82769,0.00467259623179224,1324912.78261951,1761.52727939878,8832.75188413009
4887.83769,0.00468116758369766,1325285.05454269,1764.75860294007,8835.23369695129
4887.84768,0.00468975005877103,1325656.47394112,1767.99411981689,8837.70982627415
4887.85768,0.00469834365701234,1326027.0408148,1771.23383002922,8840.18027209869
4887.86768,0.00470694837842161,1326396.75516373,1774.47773357709,8842.64503442487
4887.87768,0.00471556422299881,1326765.61698791,1777.72583046047,8845.10411325271
4887.88767,0.00472419119074395,1327133.62628733,1780.97812067938,8847.55750858218
4887.89767,0.00473282928165703,1327500.783062,1784.23460423381,8850.00522041335
4887.90767,0.00474147849573807,1327867.08731192,1787.49528112377,8852.44724874614
4887.91767,0.00475013883298705,1328232.53903709,1790.76015134924,8854.88359358062
4887.92766,0.00475881029340397,1328597.13823751,1794.02921491025,8857.31425491672
4887.93766,0.00476749287698883,1328960.88491317,1797.30247180677,8859.73923275449
4887.94766,0.00477618658374164,1329323.77906409,1800.57992203882,8862.15852709393
4887.95766,0.00478489141366239,1329685.82069025,1803.8615656064,8864.57213793503
4887.96765,0.00479360736675109,1330047.00979166,1807.1474025095,8866.98006527776
4887.97765,0.00480233444300772,1330407.34636832,1810.43743274812,8869.38230912215
4887.98765,0.0048110726424323,1330766.83042023,1813.73165632226,8871.77886946823
4887.99765,0.00481982196502483,1331125.46194739,1817.03007323193,8874.16974631593
4888.00764,0.0048285824107853,1331483.24094979,1820.33268347712,8876.5549396653
4888.01764,0.0048373539797137,1331840.16742745,1823.63948705783,8878.93444951631
4888.02764,0.00484613667181007,1332196.24138035,1826.95048397407,8881.30827586898
4888.03764,0.00485493048707436,1332551.4628085,1830.26567422583,8883.67641872333
4888.04763,0.0048637354255066,1332905.8317119,1833.58505781312,8886.03887807933
4888.05763,0.0048725514871068,1333259.34809054,1836.90863473593,8888.39565393696
4888.06763,0.00488137867187492,1333612.01194444,1840.23640499426,8890.74674629629
