Time,Velocity,Pressure,Gamma,Tau
5111.7694,0.00169908541415072,1113885.8199019,640.540110590097,7425.90546601268
5111.7794,0.00170340629813916,1114257.70282243,642.169045477509,7428.3846854829
5111.78939,0.0017077454977315,1114630.97191812,643.80488518492,7430.87314612077
5111.79939,0.00171210301292774,1115005.62718894,645.447629712327,7433.37084792628
5111.80939,0.00171647884372786,1115381.66863492,647.09727905973,7435.87779089945
5111.81938,0.00172087299013188,1115759.09625604,648.75383322713,7438.39397504026
5111.82938,0.0017252854521398,1116137.91005231,650.417292214528,7440.91940034872
5111.83938,0.00172971622975161,1116518.11002372,652.087656021922,7443.45406682483
5111.84938,0.00173416532296731,1116899.69617029,653.764924649313,7445.99797446858
5111.85937,0.00173863273178691,1117282.668492,655.4490980967,7448.55112327998
5111.86937,0.0017431184562104,1117667.02698885,657.140176364085,7451.11351325903
5111.87937,0.00174762249623779,1118052.77166086,658.838159451467,7453.68514440572
5111.88937,0.00175214485186907,1118439.90250801,660.543047358844,7456.26601672007
5111.89936,0.00175668552310424,1118828.41953031,662.25484008622,7458.85613020206
5111.90936,0.00176124450994331,1119218.32272775,663.973537633592,7461.45548485169
5111.91936,0.00176582181238628,1119609.61210035,665.699140000961,7464.06408066899
5111.92936,0.00177041743043313,1120002.28764809,667.431647188326,7466.68191765392
5111.93935,0.00177503136408389,1120396.34937098,669.171059195689,7469.30899580651
5111.94935,0.00177966361333853,1120791.79726901,670.917376023048,7471.94531512674
5111.95935,0.00178431417819707,1121188.63134219,672.670597670404,7474.59087561462
5111.96935,0.00178898305865951,1121586.85159052,674.430724137757,7477.24567727015
5111.97934,0.00179367025472584,1121986.458014,676.197755425107,7479.90972009331
5111.98934,0.00179837576639606,1122387.45061262,677.971691532454,7482.58300408413
5111.99934,0.00180309959367018,1122789.82938639,679.752532459797,7485.26552924261
5112.00934,0.00180784173654819,1123193.59433531,681.540278207138,7487.95729556872
5112.01933,0.0018126021950301,1123598.74545937,683.334928774475,7490.65830306248
5112.02933,0.0018173809691159,1124005.28275858,685.136484161808,7493.3685517239
5112.03933,0.00182217805880559,1124413.20623294,686.94494436914,7496.08804155295
5112.04932,0.00182699346409918,1124822.51588245,688.760309396468,7498.81677254966
5112.05932,0.00183182718499667,1125233.2117071,690.582579243792,7501.55474471401
5112.06932,0.00183667922149804,1125645.2937069,692.411753911112,7504.30195804602
5112.07932,0.00184154957360332,1126058.76188185,694.247833398432,7507.05841254567
5112.08931,0.00184643824131248,1126473.61623194,696.090817705746,7509.82410821296
5112.09931,0.00185134522462554,1126889.85675719,697.940706833059,7512.59904504791
5112.10931,0.0018562705235425,1127307.48345758,699.797500780368,7515.3832230505
5112.11931,0.00186121413806335,1127726.49633311,701.661199547673,7518.17664222074
5112.1293,0.00186617606818809,1128146.8953838,703.531803134975,7520.97930255863
5112.1393,0.00187115631391673,1128568.68060962,705.409311542274,7523.79120406417
5112.1493,0.00187615487524926,1128991.8520106,707.29372476957,7526.61234673736
5112.1593,0.00188117175218569,1129416.40958673,709.185042816863,7529.44273057818
5112.16929,0.00188620694472601,1129842.353338,711.083265684153,7532.28235558666
5112.17929,0.00189126045287022,1130269.68326442,712.98839337144,7535.13122176279
5112.18929,0.00189633227661833,1130698.39936598,714.900425878723,7537.98932910656
5112.19929,0.00190142241597034,1131128.5016427,716.819363206003,7540.85667761798
5112.20928,0.00190653087092623,1131559.99009456,718.74520535328,7543.73326729705
5112.21928,0.00191165764148602,1131992.86472157,720.677952320554,7546.61909814377
5112.22928,0.00191680272764971,1132427.12552372,722.617604107825,7549.51417015814
5112.23928,0.00192196612941729,1132862.77250102,724.564160715092,7552.41848334015
5112.24927,0.00192714784678877,1133299.80565347,726.517622142357,7555.33203768981
5112.25927,0.00193234787976414,1133738.22498107,728.477988389619,7558.25483320712
5112.26927,0.0019375662283434,1134178.03048381,730.445259456877,7561.18686989207
5112.27927,0.00194280289252656,1134619.2221617,732.419435344131,7564.12814774468
5112.28926,0.00194805787231361,1135061.80001474,734.400516051384,7567.07866676493
5112.29926,0.00195333116770455,1135505.76404292,736.388501578631,7570.03842695282
5112.30926,0.00195862277869939,1135951.11424626,738.383391925877,7573.00742830837
5112.31925,0.00196393270529813,1136397.85062473,740.38518709312,7575.98567083156
5112.32925,0.00196926094750076,1136845.97317836,742.393887080359,7578.97315452241
5112.33925,0.00197460750530728,1137295.48190713,744.409491887595,7581.96987938089
5112.34925,0.0019799723787177,1137746.37681105,746.432001514828,7584.97584540703
5112.35924,0.00198535556773201,1138198.65789012,748.461415962057,7587.99105260082
5112.36924,0.00199075707235022,1138652.32514434,750.497735229284,7591.01550096225
5112.37924,0.00199617689257232,1139107.3785737,752.540959316508,7594.04919049133
5112.38924,0.00200161502839831,1139563.81817821,754.591088223728,7597.09212118806
5112.39923,0.0020070714798282,1140021.64395786,756.648121950945,7600.14429305243
5112.40923,0.00201254624686199,1140480.85591267,758.712060498159,7603.20570608445
5112.41923,0.00201803932949966,1140941.45404262,760.78290386537,7606.27636028413
5112.42923,0.00202355072774124,1141403.43834772,762.860652052578,7609.35625565145
5112.43922,0.0020290804415867,1141866.80882796,764.945305059782,7612.44539218641
5112.44922,0.00203462847103606,1142331.56548335,767.036862886983,7615.54376988902
5112.45922,0.00204019481608932,1142797.70831389,769.135325534181,7618.65138875928
5112.46922,0.00204577947674647,1143265.23731958,771.240693001377,7621.76824879719
5112.47921,0.00205138245300751,1143734.15250041,773.352965288568,7624.89435000274
5112.48921,0.00205700374487245,1144204.45385639,775.472142395756,7628.02969237595
5112.49921,0.00206264335234128,1144676.14138752,777.598224322942,7631.1742759168
5112.50921,0.002068301275414,1145149.2150938,779.731211070124,7634.3281006253
5112.5192,0.00207397751409062,1145623.67497522,781.871102637303,7637.49116650145
5112.5292,0.00207967206837114,1146099.52103179,784.017899024479,7640.66347354524
5112.5392,0.00208538493825555,1146576.7532635,786.171600231652,7643.84502175668
5112.54919,0.00209111612374385,1147055.37167037,788.332206258822,7647.03581113577
5112.55919,0.00209686562483605,1147535.37625238,790.499717105988,7650.23584168251
5112.56919,0.00210263344153214,1148016.76700953,792.674132773151,7653.4451133969
5112.57919,0.00210841957383213,1148499.54394184,794.855453260311,7656.66362627893
5112.58918,0.00211422402173601,1148983.70704929,797.043678567469,7659.89138032861
5112.59918,0.00212004678524378,1149469.25633189,799.238808694623,7663.12837554594
5112.60918,0.00212588786435545,1149956.19178964,801.440843641774,7666.37461193091
5112.61918,0.00213174725907101,1150444.51342253,803.64978340892,7669.63008948354
5112.62917,0.00213762496939047,1150934.22123057,805.865627996066,7672.89480820381
5112.63917,0.00214352099531382,1151425.31521376,808.088377403207,7676.16876809173
5112.64917,0.00214943533684107,1151917.79537209,810.318031630346,7679.45196914729
5112.65917,0.00215536799397221,1152411.66170558,812.55459067748,7682.74441137051
5112.66916,0.00216131896670724,1152906.91421421,814.798054544611,7686.04609476137
5112.67916,0.00216728825504617,1153403.55289798,817.04842323174,7689.35701931987
5112.68916,0.002173275858989,1153901.5777569,819.305696738865,7692.67718504603
5112.69916,0.00217928177853571,1154400.98879098,821.569875065988,7696.00659193984
5112.70915,0.00218530601368633,1154901.78600019,823.840958213107,7699.34524000129
5112.71915,0.00219134856444083,1155403.96938456,826.118946180223,7702.69312923038
5112.72915,0.00219740943079923,1155907.53894407,828.403838967335,7706.05025962714
5112.73915,0.00220348861276152,1156412.49467873,830.695636574444,7709.41663119153
5112.74914,0.00220958611032772,1156918.83658854,832.994339001552,7712.79224392357
5112.75914,0.0022157019234978,1157426.56467349,835.299946248655,7716.17709782327
5112.76914,0.00222183605227178,1157935.67893359,837.612458315755,7719.57119289061
5112.77913,0.00222798849664965,1158446.17936884,839.931875202851,7722.97452912559
5112.78913,0.00223415925663141,1158958.06597923,842.258196909945,7726.38710652823
5112.79913,0.00224034833221707,1159471.33876478,844.591423437036,7729.8089250985
5112.80913,0.00224655572340663,1159985.99772546,846.931554784124,7733.23998483643
5112.81912,0.00225278143020008,1160502.0428613,849.278590951208,7736.68028574201
5112.82912,0.00225902545259742,1161019.47417228,851.632531938289,7740.12982781523
5112.83912,0.00226528779059866,1161538.29165842,853.993377745368,7743.5886110561
5112.84912,0.00227156844420379,1162058.49531969,856.361128372442,7747.05663546462
5112.85911,0.00227786741341282,1162580.08515612,858.735783819515,7750.53390104079
5112.86911,0.00228418469822573,1163103.06116769,861.117344086582,7754.02040778461
5112.87911,0.00229052029864255,1163627.42335441,863.505809173647,7757.51615569607
5112.88911,0.00229687421466326,1164153.17171628,865.90117908071,7761.02114477519
5112.8991,0.00230324644628786,1164680.30625329,868.303453807769,7764.53537502194
5112.9091,0.00230963699351636,1165208.82696545,870.712633354825,7768.05884643634
5112.9191,0.00231604585634875,1165738.73385276,873.128717721877,7771.5915590184
5112.9291,0.00232247303478504,1166270.02691521,875.551706908927,7775.1335127681
5112.93909,0.00232891852882522,1166802.70615282,877.981600915973,7778.68470768545
5112.94909,0.00233538233846929,1167336.77156557,880.418399743016,7782.24514377044
5112.95909,0.00234186446371726,1167872.22315346,882.862103390057,7785.81482102309
5112.96909,0.00234836490456912,1168409.06091651,885.312711857094,7789.39373944338
5112.97908,0.00235488366102488,1168947.2848547,887.770225144127,7792.98189903131
5112.98908,0.00236142073308453,1169486.89496804,890.234643251158,7796.5792997869
5112.99908,0.00236797612074808,1170027.89125652,892.705966178185,7800.18594171013
5113.00908,0.00237454982401552,1170570.27372015,895.184193925209,7803.80182480101
5113.01907,0.00238114184288685,1171114.04235893,897.669326492231,7807.42694905954
5113.02907,0.00238775217736208,1171659.19717286,900.161363879249,7811.06131448572
5113.03907,0.0023943808274412,1172205.73816193,902.660306086263,7814.70492107955
5113.04906,0.00240102779312422,1172753.66532615,905.166153113275,7818.35776884102
5113.05906,0.00240769307441113,1173302.97866552,907.678904960284,7822.01985777014
5113.06906,0.00241437667130194,1173853.67818004,910.198561627289,7825.69118786691
5113.07906,0.00242107858379664,1174405.7638697,912.725123114292,7829.37175913133
5113.08905,0.00242779881189523,1174959.23573451,915.25858942129,7833.06157156338
5113.09905,0.00243453735559772,1175514.09377446,917.798960548286,7836.7606251631
5113.10905,0.0024412942149041,1176070.33798957,920.346236495279,7840.46891993045
5113.11905,0.00244806938981438,1176627.96837982,922.900417262268,7844.18645586546
5113.12904,0.00245486288032855,1177186.98494522,925.461502849255,7847.91323296811
5113.13904,0.00246167468644662,1177747.38768576,928.029493256238,7851.64925123842
5113.14904,0.00246850480816858,1178309.17660145,930.604388483218,7855.39451067636
5113.15904,0.00247535324549443,1178872.35169229,933.186188530195,7859.14901128196
5113.16903,0.00248221999842418,1179436.91295828,935.774893397168,7862.9127530552
5113.17903,0.00248910506695782,1180002.86039942,938.370503084139,7866.6857359961
5113.18903,0.00249600845109536,1180570.1940157,940.973017591106,7870.46796010464
5113.19903,0.00250293015083679,1181138.91380712,943.582436918071,7874.25942538083
5113.20902,0.00250987016618212,1181709.0197737,946.198761065031,7878.06013182466
5113.21902,0.00251682849713134,1182280.51191542,948.82199003199,7881.87007943614
5113.22902,0.00252380514368445,1182853.39023229,951.452123818944,7885.68926821527
5113.23902,0.00253080010584146,1183427.65472431,954.089162425896,7889.51769816205
5113.24901,0.00253781338360237,1184003.30539147,956.733105852845,7893.35536927648
5113.25901,0.00254484497696716,1184580.34223378,959.38395409979,7897.20228155855
5113.26901,0.00255189488593585,1185158.76525124,962.041707166732,7901.05843500827
5113.279,0.00255896311050843,1185738.57444385,964.706365053669,7904.92382962564
5113.289,0.00256604965068492,1186319.7698116,967.377927760608,7908.79846541066
5113.299,0.00257315450646529,1186902.3513545,970.056395287538,7912.68234236332
5113.309,0.00258027767784956,1187486.31907255,972.741767634468,7916.57546048363
5113.31899,0.00258741916483772,1188071.67296574,975.434044801395,7920.47781977159
5113.32899,0.00259457896742978,1188658.41303408,978.133226788318,7924.3894202272
5113.33899,0.00260175708562573,1189246.53927757,980.839313595238,7928.31026185045
5113.34899,0.00260895351942557,1189836.0516962,983.552305222154,7932.24034464136
5113.35898,0.00261616826882931,1190426.95028999,986.272201669068,7936.1796685999
5113.36898,0.00262340133383695,1191019.23505892,988.999002935979,7940.1282337261
5113.37898,0.00263065271444848,1191612.90600299,991.732709022886,7944.08604001994
5113.38898,0.0026379224106639,1192207.96312222,994.47331992979,7948.05308748144
5113.39897,0.00264521042248321,1192804.40641659,997.22083565669,7952.02937611058
5113.40897,0.00265251674990643,1193402.23588611,999.97525620359,7956.01490590737
5113.41897,0.00265984139293354,1194001.45153077,1002.73658157048,7960.0096768718
5113.42897,0.00266718435156454,1194602.05335058,1005.50481175738,7964.01368900389
5113.43896,0.00267454562579943,1195204.04134554,1008.27994676426,7968.02694230362
5113.44896,0.00268192521563822,1195807.41551565,1011.06198659115,7972.04943677099
5113.45896,0.0026893231210809,1196412.1758609,1013.85093123803,7976.08117240602
5113.46896,0.00269673934212748,1197018.3223813,1016.64678070491,7980.1221492087
5113.47895,0.00270417387877795,1197625.85507685,1019.44953499179,7984.17236717902
5113.48895,0.00271162673103231,1198234.77394755,1022.25919409866,7988.23182631699
5113.49895,0.00271909789889057,1198845.07899339,1025.07575802553,7992.30052662261
5113.50894,0.00272658738235273,1199456.77021438,1027.89922677239,7996.37846809587
5113.51894,0.00273409518141878,1200069.84761052,1030.72960033926,8000.46565073678
5113.52894,0.00274162129608872,1200684.3111818,1033.56687872612,8004.56207454535
5113.53894,0.00274916572636256,1201300.16092823,1036.41106193297,8008.66773952155
5113.54893,0.00275672847224029,1201917.39684981,1039.26214995983,8012.78264566541
5113.55893,0.00276430953372191,1202536.01894654,1042.12014280668,8016.90679297691
5113.56893,0.00277190891080743,1203156.02721841,1044.98504047353,8021.04018145606
5113.57893,0.00277952660349684,1203777.42166543,1047.85684296037,8025.18281110286
5113.58892,0.00278716261179015,1204400.2022876,1050.73555026721,8029.33468191731
5113.59892,0.00279481693568735,1205024.36908491,1053.62116239405,8033.49579389939
5113.60892,0.00280248957518845,1205649.92205737,1056.51367934088,8037.66614704914
5113.61892,0.00281018053029344,1206276.86120498,1059.41310110771,8041.84574136653
5113.62891,0.00281788980100233,1206905.18652773,1062.31942769454,8046.03457685157
5113.63891,0.00282561738731511,1207534.89802564,1065.23265910137,8050.23265350424
5113.64891,0.00283336328923178,1208165.99569869,1068.15279532819,8054.43997132457
5113.65891,0.00284112750675235,1208798.47954688,1071.07983637501,8058.65653031257
5113.6689,0.00284891003987681,1209432.34957023,1074.01378224182,8062.88233046819
5113.6789,0.00285671088860517,1210067.60576872,1076.95463292864,8067.11737179146
5113.6889,0.00286453005293742,1210704.24814236,1079.90238843545,8071.36165428238
5113.6989,0.00287236753287357,1211342.27669114,1082.85704876225,8075.61517794096
5113.70889,0.00288022332841361,1211981.69141508,1085.81861390906,8079.87794276717
5113.71889,0.00288809743955754,1212622.49231416,1088.78708387586,8084.14994876104
5113.72889,0.00289598986630537,1213264.67938838,1091.76245866265,8088.43119592255
5113.73889,0.00290390060865709,1213908.25263776,1094.74473826944,8092.72168425171
5113.74888,0.00291182966661271,1214553.21206228,1097.73392269623,8097.02141374852
5113.75888,0.00291977704017222,1215199.55766195,1100.73001194302,8101.33038441297
5113.76888,0.00292774272933562,1215847.28943676,1103.73300600981,8105.64859624508
5113.77887,0.00293572673410292,1216496.40738673,1106.74290489659,8109.97604924484
5113.78887,0.00294372905447412,1217146.91151183,1109.75970860337,8114.31274341223
5113.79887,0.00295174969044921,1217798.80181209,1112.78341713014,8118.65867874728
5113.80887,0.00295978864202819,1218452.0782875,1115.81403047691,8123.01385524998
5113.81886,0.00296784590921106,1219106.74093805,1118.85154864368,8127.37827292031
5113.82886,0.00297592149199784,1219762.78976375,1121.89597163045,8131.7519317583
5113.83886,0.0029840153903885,1220420.22476459,1124.94729943721,8136.13483176394
5113.84886,0.00299212760438306,1221079.04594058,1128.00553206397,8140.52697293723
5113.85885,0.00300025813398151,1221739.25329172,1131.07066951072,8144.92835527815
5113.86885,0.00300840697918386,1222400.84681801,1134.14271177747,8149.33897878674
5113.87885,0.0030165741399901,1223063.82651944,1137.22165886422,8153.75884346296
5113.88885,0.00302475961640024,1223728.19239603,1140.30751077097,8158.18794930684
5113.89884,0.00303296340841427,1224393.94444775,1143.40026749771,8162.62629631836
5113.90884,0.0030411855160322,1225061.08267463,1146.49992904445,8167.07388449753
5113.91884,0.00304942593925402,1225729.60707665,1149.60649541119,8171.53071384435
5113.92884,0.00305768467807973,1226399.51765382,1152.71996659792,8175.99678435881
5113.93883,0.00306596173250934,1227070.81440614,1155.84034260465,8180.47209604093
5113.94883,0.00307425710254284,1227743.4973336,1158.96762343138,8184.9566488907
5113.95883,0.00308257078818024,1228417.56643621,1162.1018090781,8189.4504429081
5113.96883,0.00309090278942153,1229093.02171397,1165.24289954482,8193.95347809315
5113.97882,0.00309925310626671,1229769.86316688,1168.39089483154,8198.46575444586
5113.98882,0.00310762173871579,1230448.09079493,1171.54579493826,8202.98727196622
5113.99882,0.00311600868676877,1231127.70459813,1174.70759986497,8207.51803065422
5114.00881,0.00312441395042563,1231808.70457648,1177.87630961168,8212.05803050986
5114.01881,0.0031328375296864,1232491.09072997,1181.05192417838,8216.60727153316
5114.02881,0.00314127942455105,1233174.86305861,1184.23444356508,8221.1657537241
5114.03881,0.0031497396350196,1233860.0215624,1187.42386777178,8225.73347708269
5114.0488,0.00315821816109205,1234546.56624134,1190.62019679848,8230.31044160893
5114.0588,0.00316671500276839,1235234.49709542,1193.82343064517,8234.89664730281
5114.0688,0.00317523016004862,1235923.81412465,1197.03356931186,8239.49209416435
5114.0788,0.00318376363293275,1236614.51732903,1200.25061279855,8244.09678219353
5114.08879,0.00319231542142077,1237306.60670855,1203.47456110523,8248.71071139036
5114.09879,0.00320088552551269,1238000.08226322,1206.70541423191,8253.33388175483
5114.10879,0.0032094739452085,1238694.94399304,1209.94317217858,8257.96629328696
5114.11879,0.0032180806805082,1239391.19189801,1213.18783494526,8262.60794598674
5114.12878,0.0032267057314118,1240088.82597812,1216.43940253193,8267.25883985415
5114.13878,0.0032353490979193,1240787.84623338,1219.6978749386,8271.91897488923
5114.14878,0.00324401078003069,1241488.25266379,1222.96325216526,8276.58835109193
5114.15878,0.00325269077774597,1242190.04526934,1226.23553421192,8281.2669684623
5114.16877,0.00326138909106514,1242893.22405005,1229.51472107858,8285.9548270003
5114.17877,0.00327010571998822,1243597.78900589,1232.80081276523,8290.65192670596
5114.18877,0.00327884066451518,1244303.74013689,1236.09380927188,8295.35826757927
5114.19877,0.00328759392464604,1245011.07744303,1239.39371059853,8300.07384962022
5114.20876,0.00329636550038079,1245719.80092432,1242.70051674518,8304.79867282882
5114.21876,0.00330515539171944,1246429.91058076,1246.01422771182,8309.53273720507
5114.22876,0.00331396359866198,1247141.40641234,1249.33484349846,8314.27604274897
5114.23875,0.00332279012120842,1247854.28841908,1252.66236410509,8319.02858946051
5114.24875,0.00333163495935875,1248568.55660095,1255.99678953173,8323.7903773397
5114.25875,0.00334049811311297,1249284.21095798,1259.33811977835,8328.56140638654
5114.26875,0.00334937958247109,1250001.25149015,1262.68635484498,8333.34167660102
5114.27874,0.00335827936743311,1250719.67819747,1266.0414947316,8338.13118798315
5114.28874,0.00336719746799902,1251439.49107994,1269.40353943822,8342.92994053293
5114.29874,0.00337613388416882,1252160.69013756,1272.77248896484,8347.73793425037
5114.30874,0.00338508861594251,1252883.27537032,1276.14834331145,8352.55516913544
5114.31873,0.0033940616633201,1253607.24677823,1279.53110247806,8357.38164518817
5114.32873,0.00340305302630159,1254332.60436128,1282.92076646467,8362.21736240855
5114.33873,0.00341206270488697,1255059.34811948,1286.31733527127,8367.06232079656
5114.34873,0.00342109069907624,1255787.47805284,1289.72080889787,8371.91652035224
5114.35872,0.00343013700886941,1256516.99416133,1293.13118734447,8376.77996107554
5114.36872,0.00343920163426647,1257247.89644498,1296.54847061107,8381.6526429665
5114.37872,0.00344828457526743,1257980.18490377,1299.97265869766,8386.53456602512
5114.38872,0.00345738583187228,1258713.85953771,1303.40375160425,8391.42573025138
5114.39871,0.00346650540408102,1259448.92034679,1306.84174933083,8396.32613564529
5114.40871,0.00347564329189366,1260185.36733103,1310.28665187741,8401.23578220684
5114.41871,0.0034847994953102,1260923.20049041,1313.73845924399,8406.15466993604
5114.42871,0.00349397401433062,1261662.41982493,1317.19717143057,8411.08279883288
5114.4387,0.00350316684895495,1262403.02533461,1320.66278843714,8416.02016889738
5114.4487,0.00351237799918316,1263145.01701943,1324.13531026371,8420.96678012954
5114.4587,0.00352160746501527,1263888.3948794,1327.61473691027,8425.92263252932
5114.4687,0.00353085524645128,1264633.15891451,1331.10106837684,8430.88772609676
5114.47869,0.00354012134349118,1265379.30912478,1334.5943046634,8435.86206083185
5114.48869,0.00354940575613497,1266126.84551019,1338.09444576995,8440.84563673458
5114.49869,0.00355870848438266,1266875.76807074,1341.60149169651,8445.83845380496
5114.50868,0.00356802952823424,1267626.07680645,1345.11544244306,8450.84051204299
5114.51868,0.00357736888768971,1268377.7717173,1348.6362980096,8455.85181144867
5114.52868,0.00358672656274909,1269130.8528033,1352.16405839615,8460.872352022
5114.53868,0.00359610255341235,1269885.32006445,1355.69872360269,8465.90213376297
5114.54867,0.00360549685967951,1270641.17350074,1359.24029362923,8470.9411566716
5114.55867,0.00361490948155056,1271398.41311218,1362.78876847576,8475.98942074786
5114.56867,0.00362434041902551,1272157.03889877,1366.34414814229,8481.04692599178
5114.57867,0.00363378967210435,1272917.0508605,1369.90643262882,8486.11367240334
5114.58866,0.00364325724078709,1273678.44899738,1373.47562193534,8491.18965998255
5114.59866,0.00365274312507372,1274441.23330941,1377.05171606187,8496.27488872941
5114.60866,0.00365951508890986,1274483.46406322,1379.60468628243,8496.55642708815
5114.61866,0.0036689934008014,1275252.79140371,1383.17792568325,8501.68527602475
5114.62865,0.00367849036548305,1276023.59497535,1386.75819702029,8506.82396650231
5114.63865,0.00368800598295482,1276795.87477813,1390.34550029353,8511.97249852084
5114.64865,0.00369754025321671,1277569.63081205,1393.93983550298,8517.13087208032
5114.65865,0.00370709317626871,1278344.86307711,1397.54120264864,8522.29908718076
5114.66864,0.00371666475211083,1279121.57157332,1401.1496017305,8527.47714382215
5114.67864,0.00372625498074306,1279899.75630068,1404.76503274857,8532.6650420045
5114.68864,0.00373586386216541,1280679.41725917,1408.38749570285,8537.86278172782
5114.69864,0.00374549139637787,1281460.55444881,1412.01699059334,8543.07036299209
5114.70863,0.00375513758338045,1282243.1678696,1415.65351742003,8548.28778579731
5114.71863,0.00376480242317314,1283027.25752153,1419.29707618293,8553.51505014351
5114.72863,0.00377448591575595,1283812.8234046,1422.94766688204,8558.75215603065
5114.73862,0.00378418806112888,1284599.86551881,1426.60528951736,8563.99910345874
5114.74862,0.00379390885929191,1285388.38386417,1430.26994408889,8569.25589242781
5114.75862,0.00380364831024507,1286178.37844067,1433.94163059662,8574.52252293783
5114.76862,0.00381340641398834,1286969.84924832,1437.62034904056,8579.79899498881
5114.77861,0.00382318317052173,1287762.79628711,1441.3060994207,8585.08530858075
5114.78861,0.00383297857984523,1288557.21955705,1444.99888173706,8590.38146371364
5114.79861,0.00384279264195885,1289353.11905812,1448.69869598962,8595.6874603875
5114.80861,0.00385262535686258,1290150.49479035,1452.40554217839,8601.0032986023
5114.8186,0.00386247672455643,1290949.34675371,1456.11942030337,8606.32897835808
5114.8286,0.0038723467450404,1291749.67494822,1459.84033036455,8611.6644996548
5114.8386,0.00388223541831447,1292551.47937387,1463.56827236194,8617.00986249248
5114.8486,0.00389214274437867,1293354.76003067,1467.30324629554,8622.36506687112
5114.85859,0.00390206872323298,1294159.51691861,1471.04525216535,8627.73011279072
5114.86859,0.00391201335487741,1294965.75003769,1474.79428997136,8633.10500025128
5114.87859,0.00392197663931195,1295773.45938792,1478.55035971358,8638.4897292528
5114.88859,0.0039319585765366,1296582.64496929,1482.31346139201,8643.88429979527
5114.89858,0.00394195916655138,1297393.30678181,1486.08359500665,8649.28871187872
5114.90858,0.00395197840935627,1298205.44482547,1489.86076055749,8654.70296550311
5114.91858,0.00396201630495127,1299019.05910027,1493.64495804455,8660.12706066845
5114.92858,0.00397207285333639,1299834.14960621,1497.4361874678,8665.56099737476
5114.93857,0.00398214805451162,1300650.7163433,1501.23444882727,8671.00477562201
5114.94857,0.00399224190847697,1301468.75931154,1505.03974212295,8676.45839541024
5114.95857,0.00400235441523243,1302288.27851091,1508.85206735483,8681.92185673943
5114.96856,0.00401248557477802,1303109.27394143,1512.67142452292,8687.39515960956
5114.97856,0.00402263538711371,1303931.7456031,1516.49781362721,8692.87830402067
5114.98856,0.00403280385223952,1304755.69349591,1520.33123466772,8698.37128997272
5114.99856,0.00404299097015545,1305581.11761986,1524.17168764443,8703.87411746574
5115.00855,0.0040531967408615,1306408.01797496,1528.01917255735,8709.38678649972
5115.01855,0.00406342116435765,1307236.3945612,1531.87368940647,8714.90929707464
5115.02855,0.00407366424064393,1308066.24737858,1535.73523819181,8720.44164919053
5115.03855,0.00408392596972032,1308897.57642711,1539.60381891335,8725.98384284738
5115.04854,0.00409420635158682,1309730.38170678,1543.4794315711,8731.53587804518
5115.05854,0.00410450538624344,1310564.66321759,1547.36207616505,8737.09775478395
5115.06854,0.00411482307369018,1311400.42095955,1551.25175269522,8742.66947306367
5115.07854,0.00412515941392702,1312237.65493265,1555.14846116159,8748.25103288434
5115.08853,0.004135514406954,1313076.3651369,1559.05220156417,8753.84243424598
5115.09853,0.00414588805277108,1313916.55157229,1562.96297390296,8759.44367714857
5115.10853,0.00415628035137827,1314758.21423882,1566.88077817795,8765.05476159214
5115.11853,0.00416669130277559,1315601.3531365,1570.80561438915,8770.67568757665
5115.12852,0.00417712090696301,1316445.96826532,1574.73748253656,8776.30645510212
5115.13852,0.00418756916394056,1317292.05962528,1578.67638262018,8781.94706416855
5115.14852,0.00419803607370822,1318139.62721639,1582.62231464,8787.59751477594
5115.15852,0.00420852163626599,1318988.67103864,1586.57527859603,8793.25780692427
5115.16851,0.00421902585161389,1319839.19109204,1590.53527448827,8798.92794061358
5115.17851,0.00422954871975189,1320691.18737658,1594.50230231672,8804.60791584384
5115.18851,0.00424009024068001,1321544.65989226,1598.47636208137,8810.29773261506
5115.19851,0.00425065041439825,1322399.60863908,1602.45745378224,8815.99739092723
5115.2085,0.0042612292409066,1323256.03361706,1606.4455774193,8821.70689078037
5115.2185,0.00427182672020507,1324113.93482617,1610.44073299258,8827.42623217446
5115.2285,0.00428244285229365,1324973.31226643,1614.44292050206,8833.15541510951
5115.23849,0.00429307763717235,1325834.16593783,1618.45213994775,8838.89443958553
5115.24849,0.00430373107484117,1326696.49584037,1622.46839132965,8844.64330560249
5115.25849,0.0043144031653001,1327560.30197406,1626.49167464776,8850.40201316042
5115.26849,0.00432509390854914,1328425.5843389,1630.52198990207,8856.17056225931
5115.27848,0.0043358033045883,1329292.34293487,1634.5593370926,8861.94895289915
5115.28848,0.00434653135341758,1330160.57776199,1638.60371621932,8867.73718507995
5115.29848,0.00435727805503697,1331030.28882026,1642.65512728226,8873.53525880171
5115.30848,0.00436804340944648,1331901.47610966,1646.71357028141,8879.34317406442
5115.31847,0.0043788274166461,1332774.13963021,1650.77904521675,8885.1609308681
5115.32847,0.00438963007663584,1333648.27938191,1654.85155208831,8890.98852921273
5115.33847,0.00440045138941569,1334523.89536475,1658.93109089608,8896.82596909832
5115.34847,0.00441129135498566,1335400.98757873,1663.01766164005,8902.67325052487
5115.35846,0.00442214997334575,1336279.55602386,1667.11126432024,8908.53037349237
5115.36846,0.00443302724449595,1337159.60070013,1671.21189893662,8914.39733800085
5115.37846,0.00444392316843627,1338041.12160754,1675.31956548922,8920.27414405027
5115.38846,0.0044548377451667,1338924.1187461,1679.43426397803,8926.16079164064
5115.39845,0.00446577097468724,1339808.5921158,1683.55599440304,8932.05728077199
5115.40845,0.00447672285699791,1340694.54171664,1687.68475676426,8937.96361144429
5115.41845,0.00448769339209868,1341581.96754863,1691.82055106168,8943.87978365754
5115.42845,0.00449868257998958,1342470.86961176,1695.96337729532,8949.80579741175
5115.43844,0.00450969042067059,1343361.24790604,1700.11323546516,8955.74165270693
5115.44844,0.00452071691414171,1344253.10243146,1704.2701255712,8961.68734954307
5115.45844,0.00453176206040294,1345146.43318802,1708.43404761346,8967.64288792015
5115.46843,0.0045428258594543,1346041.24017573,1712.60500159192,8973.60826783819
5115.47843,0.00455390831129577,1346937.52339458,1716.7829875066,8979.5834892972
5115.48843,0.00456500941592736,1347835.28284458,1720.96800535747,8985.56855229717
5115.49843,0.00457612917334906,1348734.51852571,1725.16005514456,8991.56345683809
5115.50842,0.00458726758356088,1349635.23043799,1729.35913686785,8997.56820291996
5115.51842,0.00459842464656281,1350537.41858142,1733.56525052735,9003.5827905428
5115.52842,0.00460960036235486,1351441.08295599,1737.77839612307,9009.6072197066
5115.53842,0.00462079473093702,1352346.2235617,1741.99857365498,9015.64149041135
5115.54841,0.0046320077523093,1353252.84039856,1746.2257831231,9021.68560265706
5115.55841,0.0046432394264717,1354160.93346656,1750.46002452744,9027.73955644373
5115.56841,0.00465448975342421,1355070.5027657,1754.70129786798,9033.80335177137
5115.57841,0.00466575873316683,1355981.54829599,1758.94960314472,9039.87698863995
5115.5884,0.00467704636569957,1356894.07005742,1763.20494035767,9045.96046704949
5115.5984,0.00468835265102243,1357808.06805,1767.46730950684,9052.053787
5115.6084,0.0046996775891354,1358723.54227372,1771.7367105922,9058.15694849146
5115.6184,0.00471102118003849,1359640.49272858,1776.01314361378,9064.26995152387
5115.62839,0.00472238342373169,1360558.91941459,1780.29660857156,9070.39279609726
5115.63839,0.00473376432021501,1361478.82233174,1784.58710546555,9076.52548221159
5115.64839,0.00474516386948845,1362400.20148003,1788.88463429575,9082.66800986688
5115.65839,0.00475658207155199,1363323.05685947,1793.18919506216,9088.82037906313
5115.66838,0.00476801892640565,1364247.38847005,1797.50078776477,9094.98258980034
5115.67838,0.00477947443404944,1365173.19631178,1801.81941240359,9101.15464207852
5115.68838,0.00479094859448333,1366100.48038465,1806.14506897862,9107.33653589764
5115.69838,0.00480244140770734,1367029.24068866,1810.47775748986,9113.52827125772
5115.70837,0.00481395287372147,1367959.47722381,1814.8174779373,9119.72984815876
5115.71837,0.00482548299252571,1368891.18999012,1819.16423032095,9125.94126660077
5115.72837,0.00483703176412007,1369824.37898756,1823.51801464081,9132.16252658372
5115.73836,0.00484859918850454,1370759.04421615,1827.87883089688,9138.39362810764
5115.74836,0.00486018526567913,1371695.18567588,1832.24667908915,9144.63457117251
5115.75836,0.00487178999564384,1372632.80336675,1836.62155921763,9150.88535577835
5115.76836,0.00488341337839865,1373571.89728877,1841.00347128232,9157.14598192514
5115.77835,0.00489505541394359,1374512.46744193,1845.39241528321,9163.41644961289
5115.78835,0.00490671610227864,1375454.51382624,1849.78839122032,9169.69675884159
5115.79835,0.00491839544340381,1376398.03644169,1854.19139909363,9175.98690961126
5115.80835,0.00493009343731909,1377343.03528828,1858.60143890315,9182.28690192189
5115.81834,0.00494181008402449,1378289.51036602,1863.01851064887,9188.59673577347
5115.82834,0.00495354538352,1379237.4616749,1867.44261433081,9194.916411166
5115.83834,0.00496529933580563,1380186.88921493,1871.87374994895,9201.2459280995
5115.84834,0.00497707194088137,1381137.79298609,1876.3119175033,9207.58528657396
5115.85833,0.00498886319874723,1382090.17298841,1880.75711699385,9213.93448658937
5115.86833,0.00500067310940321,1383044.02922186,1885.20934842062,9220.29352814574
5115.87833,0.0050125016728493,1383999.36168646,1889.66861178359,9226.66241124308
5115.88833,0.0050243488890855,1384956.1703822,1894.13490708276,9233.04113588137
5115.89832,0.00503621475811182,1385914.45530909,1898.60823431815,9239.42970206061
5115.90832,0.00504809927992825,1386874.21646712,1903.08859348974,9245.82810978081
5115.91832,0.00506000245453481,1387835.4538563,1907.57598459754,9252.23635904198
5115.92832,0.00507192428193147,1388798.16747662,1912.07040764155,9258.6544498441
5115.93831,0.00508386476211826,1389762.35732808,1916.57186262177,9265.08238218719
5115.94831,0.00509582389509516,1390728.02341068,1921.08034953819,9271.52015607122
5115.95831,0.00510780168086218,1391695.16572443,1925.59586839082,9277.96777149621
5115.9683,0.0051197981194193,1392663.78426933,1930.11841917966,9284.42522846217
5115.9783,0.00513181321076654,1393633.87904536,1934.64800190471,9290.89252696908
5115.9883,0.00514384695490391,1394605.45005254,1939.18461656596,9297.36966701694
5115.9983,0.00515589935183138,1395578.49729087,1943.72826316342,9303.85664860578
5116.00829,0.00516797040154898,1396553.02076033,1948.27894169709,9310.35347173556
5116.01829,0.00518006010405668,1397529.02046095,1952.83665216697,9316.86013640631
5116.02829,0.0051921684593545,1398506.4963927,1957.40139457305,9323.37664261802
5116.03829,0.00520429546744244,1399485.4485556,1961.97316891534,9329.90299037068
5116.04828,0.00521644112832049,1400465.87694964,1966.55197519384,9336.43917966429
5116.05828,0.00522860544198866,1401447.78157483,1971.13781340854,9342.98521049887
5116.06828,0.00524078840844695,1402431.16243116,1975.73068355946,9349.5410828744
5116.07828,0.00525299002769534,1403416.01951863,1980.33058564658,9356.1067967909
5116.08827,0.00526521029973386,1404402.35283725,1984.9375196699,9362.68235224835
5116.09827,0.00527744922456249,1405390.16238701,1989.55148562944,9369.26774924676
5116.10827,0.00528970680218124,1406379.44816792,1994.17248352519,9375.86298778612
5116.11827,0.0053019830325901,1407370.21017997,1998.80051335713,9382.46806786645
5116.12826,0.00531427791578908,1408362.44842316,2003.43557512529,9389.08298948773
5116.13826,0.00532659145177817,1409356.1628975,2008.07766882966,9395.70775264998
5116.14826,0.00533892364055738,1410351.35360298,2012.72679447023,9402.34235735317
5116.15826,0.0053512744821267,1411348.0205396,2017.38295204701,9408.98680359734
5116.16825,0.00536364397648614,1412346.16370737,2022.04614156,9415.64109138245
5116.17825,0.0053760321236357,1413345.78310628,2026.7163630092,9422.30522070853
5116.18825,0.00538843892357536,1414346.87873633,2031.3936163946,9428.97919157556
5116.19824,0.00540086437630515,1415349.45059753,2036.07790171621,9435.66300398355
5116.20824,0.00541330848182505,1416353.49868987,2040.76921897403,9442.3566579325
5116.21824,0.00542577124013507,1417359.02301336,2045.46756816805,9449.0601534224
5116.22824,0.00543825265123521,1418366.02356799,2050.17294929829,9455.77349045327
5116.23823,0.00545075271512545,1419374.50035377,2054.88536236473,9462.4966690251
5116.24823,0.00546327143180581,1420384.45337068,2059.60480736738,9469.22968913787
5116.25823,0.00547580880127629,1421395.88261874,2064.33128430623,9475.97255079161
5116.26823,0.00548836482353689,1422408.78809795,2069.06479318129,9482.72525398631
5116.27822,0.00550093949858759,1423423.1698083,2073.80533399256,9489.48779872197
5116.28822,0.00551353282642842,1424439.02774979,2078.55290674004,9496.26018499858
5116.29822,0.00552614480705936,1425456.36192242,2083.30751142373,9503.04241281616
5116.30822,0.00553877544048041,1426475.1723262,2088.06914804362,9509.83448217468
5116.31821,0.00555142472669159,1427495.45896113,2092.83781659972,9516.63639307418
5116.32821,0.00556409266569287,1428517.22182719,2097.61351709203,9523.44814551462
5116.33821,0.00557677925748428,1429540.4609244,2102.39624952055,9530.26973949602
5116.34821,0.00558948450206579,1430565.17625276,2107.18601388527,9537.10117501839
5116.3582,0.00560220839943742,1431591.36781226,2111.9828101862,9543.9424520817
5116.3682,0.00561495094959917,1432619.0356029,2116.78663842334,9550.79357068599
5116.3782,0.00562771215255104,1433648.17962468,2121.59749859668,9557.65453083123
5116.3882,0.00564049200829302,1434678.79987761,2126.41539070624,9564.52533251742
5116.39819,0.00565329051682511,1435710.89636169,2131.24031475199,9571.40597574457
5116.40819,0.00566610767814733,1436744.4690769,2136.07227073397,9578.29646051268
5116.41819,0.00567894349225964,1437779.51802326,2140.91125865214,9585.19678682175
5116.42819,0.00569179795916209,1438816.04320077,2145.75727850652,9592.10695467179
5116.43818,0.00570467107885464,1439854.04460941,2150.61033029711,9599.02696406277
5116.44818,0.00571756285133732,1440893.52224921,2155.47041402391,9605.95681499472
5116.45818,0.00573047327661011,1441934.47612014,2160.33752968691,9612.89650746763
5116.46817,0.00574340235467301,1442976.90622222,2165.21167728612,9619.84604148148
5116.47817,0.00575635008552602,1444020.81255544,2170.09285682154,9626.8054170363
5116.48817,0.00576931646916917,1445066.19511981,2174.98106829318,9633.77463413208
5116.49817,0.00578230150560241,1446113.05391532,2179.87631170101,9640.75369276881
5116.50816,0.00579530519482578,1447161.38894198,2184.77858704505,9647.7425929465
5116.51816,0.00580832753683926,1448211.20019977,2189.6878943253,9654.74133466515
5116.52816,0.00582136853164286,1449262.48768872,2194.60423354176,9661.74991792477
5116.53816,0.00583442817923657,1450315.2514088,2199.52760469443,9668.76834272533
5116.54815,0.0058475064796204,1451369.49136003,2204.4580077833,9675.79660906687
5116.55815,0.00586060343279434,1452425.2075424,2209.39544280838,9682.83471694934
5116.56815,0.0058737190387584,1453482.39995592,2214.33990976967,9689.88266637279
5116.57815,0.00588685329751257,1454541.06860058,2219.29140866716,9696.94045733718
5116.58814,0.00590000620905686,1455601.21347638,2224.24993950086,9704.00808984255
5116.59814,0.00591317777339126,1456662.83458333,2229.21550227077,9711.08556388885
5116.60814,0.00592636799051579,1457725.93192142,2234.18809697689,9718.17287947613
5116.61814,0.00593957686043042,1458790.50549065,2239.16772361922,9725.27003660437
5116.62813,0.00595280438313517,1459856.55529103,2244.15438219775,9732.37703527356
5116.63813,0.00596605055863004,1460924.08132256,2249.14807271249,9739.49387548371
5116.64813,0.00597931538691502,1461993.08358522,2254.14879516344,9746.62055723482
5116.65813,0.00599259886799012,1463063.56207903,2259.15654955059,9753.75708052688
5116.66812,0.00600590100185534,1464135.51680398,2264.17133587396,9760.9034453599
5116.67812,0.00601922178851066,1465208.94776008,2269.19315413352,9768.05965173388
5116.68812,0.00603256122795611,1466283.85494732,2274.22200432931,9775.22569964883
5116.69811,0.00604591932019167,1467360.23836571,2279.25788646129,9782.40158910471
5116.70811,0.00605929606521735,1468438.09801524,2284.30080052948,9789.58732010157
5116.71811,0.00607269146303314,1469517.43389591,2289.35074653388,9796.78289263939
5116.72811,0.00608610551363904,1470598.24600772,2294.40772447449,9803.98830671816
5116.7381,0.00609953821703506,1471680.53435068,2299.4717343513,9811.20356233789
5116.7481,0.0061129895732212,1472764.29892479,2304.54277616433,9818.42865949858
5116.7581,0.00612645958219746,1473849.53973003,2309.62084991356,9825.66359820023
5116.7681,0.00613994824396382,1474936.25676642,2314.70595559899,9832.90837844283
5116.77809,0.00615345555852031,1476024.45003396,2319.79809322064,9840.16300022639
5116.78809,0.0061669815258669,1477114.11953264,2324.89726277849,9847.42746355092
5116.79809,0.00618052614600361,1478205.26526246,2330.00346427255,9854.7017684164
5116.80809,0.00619408941893045,1479297.88722342,2335.11669770282,9861.98591482282
5116.81808,0.00620767134464739,1480391.98541554,2340.23696306929,9869.27990277024
5116.82808,0.00622127192315446,1481487.55983879,2345.36426037198,9876.58373225858
5116.83808,0.00623489115445163,1482584.61049318,2350.49858961087,9883.89740328789
5116.84808,0.00624852903853892,1483683.13737872,2355.63995078597,9891.22091585816
5116.85807,0.00626218557541633,1484783.14049541,2360.78834389727,9898.55426996938
5116.86807,0.00627586076508385,1485884.61984324,2365.94376894478,9905.89746562157
5116.87807,0.00628955460754149,1486987.57542221,2371.1062259285,9913.25050281472
5116.88807,0.00630326710278925,1488092.00723232,2376.27571484843,9920.61338154882
5116.89806,0.00631699825082711,1489197.91527358,2381.45223570456,9927.98610182389
5116.90806,0.0063307480516551,1490305.29954598,2386.63578849691,9935.3686636399
5116.91806,0.0063445165052732,1491414.16004953,2391.82637322546,9942.76106699687
5116.92805,0.00635830361168142,1492524.49678422,2397.02398989021,9950.16331189481
5116.93805,0.00637210937087975,1493636.30975006,2402.22863849118,9957.57539833371
5116.94805,0.00638593378286819,1494749.59894703,2407.44031902835,9964.99732631355
5116.95805,0.00639977684764676,1495864.36437515,2412.65903150173,9972.42909583436
5116.96804,0.00641363856521544,1496980.60603442,2417.88477591132,9979.87070689613
5116.97804,0.00642751893557423,1498098.32392483,2423.11755225711,9987.32215949885
5116.98804,0.00644141795872314,1499217.51804638,2428.35736053912,9994.78345364255
5116.99804,0.00645533563466216,1500338.18839908,2433.60420075733,10002.2545893272
5117.00803,0.00646927196339131,1501460.33498292,2438.85807291175,10009.7355665528
5117.01803,0.00648322694491056,1502583.9577979,2444.11897700237,10017.2263853193
5117.02803,0.00649720057921993,1503709.05684403,2449.3869130292,10024.7270456269
5117.03803,0.00651119286631941,1504835.6321213,2454.66188099224,10032.2375474753
5117.04802,0.00652520380620902,1505963.68362971,2459.94388089149,10039.7578908648
5117.05802,0.00653923339888873,1507093.21136928,2465.23291272694,10047.2880757952
5117.06802,0.00655328164435856,1508224.21533998,2470.5289764986,10054.8281022665
5117.07802,0.00656734854261851,1509356.69554182,2475.83207220647,10062.3779702788
5117.08801,0.00658143409366858,1510490.65197481,2481.14219985055,10069.9376798321
5117.09801,0.00659553829750876,1511626.08463894,2486.45935943084,10077.5072309263
5117.10801,0.00660966115413904,1512762.99353422,2491.78355094733,10085.0866235615
5117.11801,0.00662380266355947,1513901.37866064,2497.11477440003,10092.6758577376
5117.128,0.00663796282576998,1515041.24001821,2502.45302978894,10100.2749334547
5117.138,0.00665214164077062,1516182.57760691,2507.79831711405,10107.8838507128
5117.148,0.00666633910856139,1517325.39142677,2513.15063637537,10115.5026095118
5117.158,0.00668055522914226,1518469.68147776,2518.50998757291,10123.1312098518
5117.16799,0.00669479000251325,1519615.4477599,2523.87637070664,10130.7696517327
5117.17799,0.00670904342867435,1520762.69027319,2529.24978577659,10138.4179351546
5117.18799,0.00672331550762557,1521911.40901761,2534.63023278274,10146.0760601174
5117.19798,0.0067376062393669,1523061.60399318,2540.0177117251,10153.7440266212
5117.20798,0.00675191562389836,1524213.2751999,2545.41222260367,10161.421834666
5117.21798,0.00676624366121992,1525366.42263776,2550.81376541844,10169.1094842517
5117.22798,0.00678059035133159,1526521.04630676,2556.22234016942,10176.8069753784
5117.23797,0.00679495569423339,1527677.1462069,2561.63794685661,10184.514308046
5117.24797,0.0068093396899253,1528834.72233819,2567.06058548001,10192.2314822546
5117.25797,0.00682374233840733,1529993.77470063,2572.49025603961,10199.9584980042
5117.26797,0.00683816363967947,1531154.3032942,2577.92695853542,10207.6953552947
5117.27796,0.00685260359374173,1532316.30811892,2583.37069296744,10215.4420541261
5117.28796,0.0068670622005941,1533479.78917479,2588.82145933567,10223.1985944986
5117.29796,0.00688153946023659,1534644.74646179,2594.2792576401,10230.964976412
5117.30796,0.00689603537266919,1535811.17997995,2599.74408788075,10238.7411998663
5117.31795,0.00691054993789192,1536979.08972924,2605.2159500576,10246.5272648616
5117.32795,0.00692508315590474,1538148.47570968,2610.69484417065,10254.3231713979
5117.33795,0.0069396350267077,1539319.33792126,2616.18077021992,10262.1289194751
5117.34795,0.00695420555030077,1540491.67636399,2621.67372820539,10269.9445090933
5117.35794,0.00696879472668396,1541665.49103786,2627.17371812707,10277.7699402524
5117.36794,0.00698340255585725,1542840.78194287,2632.68073998496,10285.6052129525
5117.37794,0.00699802903782066,1544017.54907903,2638.19479377905,10293.4503271936
5117.38794,0.00701267417257419,1545195.79244633,2643.71587950935,10301.3052829756
5117.39793,0.00702733796011784,1546375.51204478,2649.24399717586,10309.1700802985
5117.40793,0.0070420204004516,1547556.70787437,2654.77914677858,10317.0447191624
5117.41793,0.00705672149357547,1548739.3799351,2660.32132831751,10324.9291995673
5117.42792,0.00707144123948946,1549923.52822697,2665.87054179264,10332.8235215132
5117.43792,0.00708617963819356,1551109.15275,2671.42678720398,10340.727685
