Time,Velocity,Pressure,Gamma,Tau
5308.74812,0.000849277133324503,731835.621050946,320.169936349687,4878.90414033964
5308.75812,0.000849153949971362,732339.89859034,320.123497319614,4882.26599060227
5308.76812,0.000849048495489855,732846.039568121,320.083741916687,4885.64026378747
5308.77812,0.000848960769879983,733354.043984288,320.050670140907,4889.02695989525
5308.78811,0.000848890773141745,733863.911838842,320.024281992272,4892.42607892561
5308.79811,0.000848838505275143,734375.643131782,320.004577470784,4895.83762087855
5308.80811,0.000848803966280177,734889.237863108,319.991556576442,4899.26158575405
5308.81811,0.000848787156156844,735404.69603282,319.985219309245,4902.69797355213
5308.8281,0.000848788074905146,735922.01764092,319.985565669196,4906.1467842728
5308.8381,0.000848806722525084,736441.202687404,319.992595656292,4909.60801791603
5308.8481,0.000848843099016656,736962.251172277,320.006309270534,4913.08167448185
5308.8581,0.000848897204379863,737485.163095534,320.026706511923,4916.56775397023
5308.86809,0.000848969038614705,738009.938457179,320.053787380457,4920.06625638119
5308.87809,0.000849058601721181,738536.57725721,320.087551876138,4923.57718171473
5308.88809,0.000849165893699295,739065.079495627,320.127999998966,4927.10052997085
5308.89808,0.00084929091454904,739595.44517243,320.175131748938,4930.63630114953
5308.90808,0.000849433664270422,740127.67428762,320.228947126058,4934.1844952508
5308.91808,0.000849594142863437,740661.766841195,320.289446130323,4937.74511227464
5308.92808,0.00084977235032809,741197.722833159,320.356628761735,4941.31815222106
5308.93807,0.000849968286664375,741735.542263507,320.430495020292,4944.90361509005
5308.94807,0.000850181951872296,742275.225132242,320.511044905996,4948.50150088161
5308.95807,0.000850413345951852,742816.771439364,320.598278418846,4952.11180959576
5308.96807,0.000850662468903044,743360.181184872,320.692195558843,4955.73454123248
5308.97806,0.000850929320725869,743905.454368766,320.792796325985,4959.36969579177
5308.98806,0.00085121390142033,744452.590991047,320.900080720274,4963.01727327365
5308.99806,0.000851516210986425,745001.591051713,321.014048741708,4966.67727367809
5309.00806,0.000851836249424157,745552.454550767,321.13470039029,4970.34969700511
5309.01805,0.000852174016733522,746105.181488206,321.262035666017,4974.03454325471
5309.02805,0.000852529512914521,746659.771864032,321.396054568889,4977.73181242688
5309.03805,0.000852902737967157,747216.225678245,321.536757098909,4981.44150452163
5309.04805,0.000853293691891426,747774.542930844,321.684143256074,4985.16361953896
5309.05804,0.000853702374687332,748334.723621828,321.838213040386,4988.89815747886
5309.06804,0.000854128786354872,748896.7677512,321.998966451844,4992.64511834133
5309.07804,0.000854572926894047,749460.675318958,322.166403490448,4996.40450212639
5309.08804,0.000855034796304857,750026.446325102,322.340524156198,5000.17630883401
5309.09803,0.0008555143945873,750594.080769632,322.521328449094,5003.96053846422
5309.10803,0.00085601172174138,751163.57865255,322.708816369136,5007.757191017
5309.11803,0.000856526777767095,751734.939973853,322.902987916325,5011.56626649235
5309.12802,0.000857059562664444,752308.164733543,323.10384309066,5015.38776489029
5309.13802,0.000857610076433428,752883.252931618,323.311381892141,5019.22168621079
5309.14802,0.000858178319074047,753460.20456808,323.525604320768,5023.06803045387
5309.15802,0.0008587642905863,754039.019642929,323.74651037654,5026.92679761953
5309.16801,0.00085936799097019,754619.698156164,323.97410005946,5030.79798770776
5309.17801,0.000859989420225714,755202.240107786,324.208373369526,5034.68160071857
5309.18801,0.000860628578352872,755786.645497794,324.449330306737,5038.57763665196
5309.19801,0.000861285465351665,756372.914326188,324.696970871095,5042.48609550792
5309.208,0.000861960081222094,756961.046592967,324.951295062599,5046.40697728645
5309.218,0.000862652425964157,757551.042298135,325.212302881249,5050.34028198756
5309.228,0.000863362499577855,758142.901441688,325.479994327045,5054.28600961125
5309.238,0.000864090302063189,758736.624023627,325.754369399988,5058.24416015751
5309.24799,0.000864835833420157,759332.210043953,326.035428100076,5062.21473362635
5309.25799,0.000865599093648758,759929.659502666,326.32317042731,5066.19773001777
5309.26799,0.000866380082748997,760528.972399764,326.617596381692,5070.19314933176
5309.27799,0.000867178800720869,761130.148735249,326.918705963219,5074.20099156833
5309.28798,0.000867995247564376,761733.18850912,327.226499171892,5078.22125672747
5309.29798,0.000868829423279519,762338.091721378,327.540976007711,5082.25394480919
5309.30798,0.000869681327866296,762944.858372022,327.862136470677,5086.29905581348
5309.31798,0.000870550961324709,763553.488461052,328.189980560789,5090.35658974035
5309.32797,0.000871438323654756,764163.981988468,328.524508278046,5094.42654658979
5309.33797,0.000872343414856437,764776.338954272,328.86571962245,5098.50892636181
5309.34797,0.000873266234929754,765390.559358461,329.213614594,5102.60372905641
5309.35797,0.000874206783874707,766006.643201037,329.568193192697,5106.71095467358
5309.36796,0.000875165061691293,766624.590481999,329.929455418539,5110.83060321333
5309.37796,0.000876141068379515,767244.401201347,330.297401271528,5114.96267467565
5309.38796,0.000877134803939371,767866.075359082,330.672030751662,5119.10716906055
5309.39795,0.000878146268370862,768489.612955203,331.053343858943,5123.26408636802
5309.40795,0.000879175461673989,769115.013989711,331.44134059337,5127.43342659807
5309.41795,0.00088022238384875,769742.278462605,331.836020954943,5131.6151897507
5309.42795,0.000881287034895146,770371.406373885,332.237384943663,5135.8093758259
5309.43794,0.000882369414813176,771002.397723551,332.645432559528,5140.01598482368
5309.44794,0.000883469523602843,771635.252511605,333.06016380254,5144.23501674403
5309.45794,0.000884587361264143,772269.970738044,333.481578672697,5148.46647158696
5309.46794,0.000885722927797079,772906.552402869,333.909677170001,5152.71034935246
5309.47793,0.000886876223201649,773544.997506082,334.344459294451,5156.96665004054
5309.48793,0.000888047247477854,774185.30604768,334.785925046048,5161.2353736512
5309.49793,0.000889236000625695,774827.478027664,335.23407442479,5165.51652018443
5309.50793,0.00089044248264517,775471.513446036,335.688907430679,5169.81008964024
5309.51792,0.00089166669353628,776117.412302793,336.150424063714,5174.11608201862
5309.52792,0.000892908633299025,776765.174597937,336.618624323894,5178.43449731958
5309.53792,0.000894168301933405,777414.800331467,337.093508211221,5182.76533554312
5309.54792,0.000895445699439419,778066.289503383,337.575075725694,5187.10859668922
5309.55791,0.000896740825817069,778719.642113687,338.063326867314,5191.46428075791
5309.56791,0.000898053681066353,779374.858162376,338.558261636079,5195.83238774917
5309.57791,0.000899384265187272,780031.937649451,339.059880031991,5200.21291766301
5309.58791,0.000900732578179827,780690.880574913,339.568182055049,5204.60587049942
5309.5979,0.000902098620044017,781351.686938762,340.083167705253,5209.01124625841
5309.6079,0.00090348239077984,782014.356740995,340.604836982603,5213.42904493997
5309.6179,0.0009048838903873,782678.889981617,341.133189887099,5217.85926654411
5309.62789,0.000906303118866394,783345.286660624,341.668226418742,5222.30191107083
5309.63789,0.000907740076217122,784013.546778018,342.20994657753,5226.75697852012
5309.64789,0.000909194762439485,784683.670333798,342.758350363464,5231.22446889199
5309.65789,0.000910667177533485,785355.657327964,343.313437776546,5235.70438218643
5309.66788,0.000912157321499117,786029.507760516,343.875208816772,5240.19671840344
5309.67788,0.000913665194336386,786705.221631457,344.443663484146,5244.70147754304
5309.68788,0.00091519079604529,787382.798940782,345.018801778665,5249.21865960521
5309.69788,0.000916734126625827,788062.239688493,345.60062370033,5253.74826458996
5309.70787,0.000918295186078001,788743.543874592,346.189129249142,5258.29029249728
5309.71787,0.000919873974401809,789426.711499076,346.7843184251,5262.84474332717
5309.72787,0.000921470491597251,790111.742561947,347.386191228204,5267.41161707964
5309.73787,0.000923084737664329,790798.637063204,347.994747658454,5271.99091375469
5309.74786,0.000924716712603041,791487.395002848,348.60998771585,5276.58263335232
5309.75786,0.000926366416413388,792178.016380878,349.231911400393,5281.18677587252
5309.76786,0.000928033849095372,792870.501197294,349.860518712081,5285.8033413153
5309.77786,0.000929719010648989,793564.849452097,350.495809650916,5290.43232968065
5309.78785,0.000931421901074241,794261.061145286,351.137784216897,5295.07374096857
5309.79785,0.000933142520371129,794959.136276861,351.786442410024,5299.72757517907
5309.80785,0.000934880868539649,795659.074846823,352.441784230297,5304.39383231215
5309.81785,0.000936636945579807,796360.876855171,353.103809677717,5309.07251236781
5309.82784,0.000938410751491598,797064.542301905,353.772518752282,5313.76361534603
5309.83784,0.000940202286275025,797770.071187026,354.447911453994,5318.46714124684
5309.84784,0.000942011549930087,798477.463510533,355.129987782851,5323.18309007022
5309.85784,0.000943838542456783,799186.719272426,355.818747738856,5327.91146181618
5309.86783,0.000945683263855114,799897.838472706,356.514191322005,5332.65225648471
5309.87783,0.000947545714125081,800610.821111373,357.216318532302,5337.40547407582
5309.88783,0.000949425893266682,801325.667188426,357.925129369744,5342.1711145895
5309.89782,0.000951323801279918,802042.376703864,358.640623834333,5346.94917802576
5309.90782,0.000953239438164788,802760.94965769,359.362801926067,5351.7396643846
5309.91782,0.000955172803921294,803481.386049901,360.091663644948,5356.54257366601
5309.92782,0.000957123898549435,804203.685880499,360.827208990975,5361.35790586999
5309.93781,0.00095909272204921,804927.849149484,361.569437964148,5366.18566099656
5309.94781,0.00096107927442062,805653.875856854,362.318350564467,5371.02583904569
5309.95781,0.000963083555663666,806381.766002611,363.073946791933,5375.87844001741
5309.96781,0.000965105565778346,807111.519586754,363.836226646545,5380.74346391169
5309.9778,0.000967145304764662,807843.136609285,364.605190128303,5385.62091072856
5309.9878,0.000969202772622613,808576.6170702,365.380837237207,5390.510780468
5309.9978,0.000971277969352196,809311.960969502,366.163167973257,5395.41307313002
5310.0078,0.000973370894953418,810049.168307191,366.952182336454,5400.3277887146
5310.01779,0.000975481549426271,810788.239083266,367.747880326795,5405.25492722178
5310.02779,0.000977609932770761,811529.173297728,368.550261944284,5410.19448865152
5310.03779,0.000979756044986886,812271.970950576,369.359327188919,5415.14647300384
5310.04779,0.000981919886074644,813016.63204181,370.175076060699,5420.11088027873
5310.05778,0.000984101456034039,813763.156571431,370.997508559627,5425.08771047621
5310.06778,0.000986300754865068,814511.544539437,371.8266246857,5430.07696359625
5310.07778,0.000988517782567733,815261.795945831,372.66242443892,5435.07863963887
5310.08778,0.000990752539142031,816013.910790611,373.504907819285,5440.09273860407
5310.09777,0.000993005024587965,816767.889073777,374.354074826796,5445.11926049185
5310.10777,0.000995275238905533,817523.730795329,375.209925461454,5450.15820530219
5310.11777,0.000997563182094738,818281.435955268,376.072459723258,5455.20957303512
5310.12776,0.000999868854155575,819041.004553593,376.941677612208,5460.27336369062
5310.13776,0.00100219225508805,819802.436590304,377.817579128305,5465.34957726869
5310.14776,0.00100453338489216,820565.732065402,378.700164271547,5470.43821376934
5310.15776,0.0010068922435679,821330.890978887,379.589433041935,5475.53927319258
5310.16775,0.00100926883111528,822097.913330756,380.48538543947,5480.65275553838
5310.17775,0.00101166314753429,822866.799121014,381.388021464151,5485.77866080676
5310.18775,0.00101407519282494,823637.548349657,382.297341115978,5490.91698899771
5310.19775,0.00101650496698722,824410.161016686,383.213344394952,5496.06774011124
5310.20774,0.00101895247002114,825184.637122102,384.136031301071,5501.23091414735
5310.21774,0.00102141770192669,825960.976665905,385.065401834336,5506.40651110603
5310.22774,0.00102390066270388,826739.179648093,386.001455994748,5511.59453098729
5310.23774,0.0010264013523527,827519.246068668,386.944193782306,5516.79497379112
5310.24773,0.00102891977087316,828301.175927629,387.893615197009,5522.00783951753
5310.25773,0.00103145591826525,829084.969224977,388.84972023886,5527.23312816652
5310.26773,0.00103400979452898,829870.625960711,389.812508907856,5532.47083973807
5310.27773,0.00103658139966434,830658.146134831,390.781981203998,5537.72097423221
5310.28772,0.00103917073367134,831447.529747338,391.758137127287,5542.98353164892
5310.29772,0.00104177779654997,832238.776798231,392.740976677722,5548.25851198821
5310.30772,0.00104440258830024,833031.88728751,393.730499855303,5553.54591525007
5310.31772,0.00104704510892214,833826.861215177,394.72670666003,5558.84574143451
5310.32771,0.00104970535841567,834623.698581229,395.729597091903,5564.15799054153
5310.33771,0.00105238333678085,835422.399385668,396.739171150923,5569.48266257112
5310.34771,0.00105507904401765,836222.963628492,397.755428837088,5574.81975752328
5310.3577,0.00105779248012609,837025.391309703,398.7783701504,5580.16927539802
5310.3677,0.00106052364510617,837829.682429302,399.807995090857,5585.53121619534
5310.3777,0.00106327253895788,838635.836987285,400.844303658461,5590.90557991523
5310.3877,0.00106603916168123,839443.854983655,401.887295853211,5596.2923665577
5310.39769,0.00106882351327621,840253.736418412,402.936971675107,5601.69157612275
5310.40769,0.00107162559374282,841065.481291555,403.99333112415,5607.10320861037
5310.41769,0.00107444540308107,841879.089603085,405.056374200338,5612.52726402056
5310.42769,0.00107728294129096,842694.561353,406.126100903674,5617.96374235333
5310.43768,0.00108013820837248,843511.896541303,407.202511234154,5623.41264360868
5310.44768,0.00108301120432563,844331.095167991,408.285605191781,5628.87396778661
5310.45768,0.00108590192915042,845152.157233065,409.375382776555,5634.3477148871
5310.46768,0.00108881038284685,845975.082736526,410.471843988474,5639.83388491017
5310.47767,0.00109173656541491,846799.871678374,411.574988827539,5645.33247785583
5310.48767,0.0010946804768546,847626.524058607,412.684817293751,5650.84349372405
5310.49767,0.00109764211716593,848455.039877228,413.801329387109,5656.36693251486
5310.50767,0.0011006214863489,849285.419134234,414.924525107613,5661.90279422823
5310.51766,0.0011036185844035,850117.661829627,416.054404455263,5667.45107886418
5310.52766,0.00110663341132973,850951.767963407,417.190967430059,5673.01178642271
5310.53766,0.0011096659671276,851787.737535573,418.334214032001,5678.58491690382
5310.54766,0.0011127162517971,852625.570546125,419.48414426109,5684.1704703075
5310.55765,0.00111578426533824,853465.266995062,420.640758117325,5689.76844663375
5310.56765,0.00111887000775102,854306.826882388,421.804055600706,5695.37884588258
5310.57765,0.00112197347903543,855150.250208099,422.974036711233,5701.00166805399
5310.58765,0.00112509467919147,855995.536972196,424.150701448906,5706.63691314798
5310.59764,0.00112823360821915,856842.68717468,425.334049813726,5712.28458116453
5310.60764,0.00113139026611846,857691.700815549,426.524081805691,5717.94467210366
5310.61764,0.00113456465288941,858542.577894806,427.720797424803,5723.61718596538
5310.62763,0.00113775676853199,859395.318412449,428.92419667106,5729.30212274966
5310.63763,0.00114096661304621,860249.922368477,430.134279544464,5734.99948245651
5310.64763,0.00114419418643206,861106.389762893,431.351046045014,5740.70926508595
5310.65763,0.00114743948868955,861964.720595696,432.574496172711,5746.43147063797
5310.66762,0.00115070251981867,862824.914866884,433.804629927553,5752.16609911256
5310.67762,0.00115398327981943,863686.972576458,435.041447309541,5757.91315050972
5310.68762,0.00115728176869183,864550.893724419,436.284948318677,5763.67262482946
5310.69762,0.00116059798643585,865416.678310766,437.535132954957,5769.44452207178
5310.70761,0.00116393193305152,866284.3263355,438.792001218385,5775.22884223667
5310.71761,0.00116728360853881,867153.83779862,440.055553108958,5781.02558532413
5310.72761,0.00117065301289774,868025.212700126,441.325788626677,5786.83475133418
5310.73761,0.00117404014612831,868898.451040019,442.602707771542,5792.6563402668
5310.7476,0.00117744500823051,869773.552818299,443.886310543554,5798.49035212199
5310.7576,0.00118086759920435,870650.518034964,445.176596942712,5804.33678689976
5310.7676,0.00118430791904982,871529.346690015,446.473566969016,5810.1956446001
5310.7776,0.00118776596776693,872410.038783453,447.777220622466,5816.06692522302
5310.78759,0.00119124174535567,873292.594315278,449.087557903063,5821.95062876852
5310.79759,0.00119473525181605,874177.013285488,450.404578810805,5827.84675523659
5310.80759,0.00119824648714806,875063.295694086,451.728283345694,5833.75530462724
5310.81759,0.0012017754513517,875951.44154107,453.058671507728,5839.67627694047
5310.82758,0.00120532214442698,876841.45082644,454.395743296909,5845.60967217626
5310.83758,0.0012088865663739,877733.323550196,455.739498713236,5851.55549033464
5310.84758,0.00121246871719245,878627.059712339,457.089937756709,5857.5137314156
5310.85757,0.00121606859688264,879522.659312867,458.447060427329,5863.48439541911
5310.86757,0.00121968620544446,880420.122351782,459.810866725094,5869.46748234522
5310.87757,0.00122332154287791,881319.448829085,461.181356650006,5875.4629921939
5310.88757,0.001226974609183,882220.638744772,462.558530202064,5881.47092496515
5310.89756,0.00123064540435973,883123.692098847,463.942387381268,5887.49128065898
5310.90756,0.00123433392840809,884028.608891308,465.332928187618,5893.52405927539
5310.91756,0.00123804018132808,884935.389122154,466.730152621114,5899.56926081436
5310.92756,0.00124176416311971,885844.032791388,468.134060681757,5905.62688527592
5310.93755,0.00124550587378298,886754.539899008,469.544652369545,5911.69693266006
5310.94755,0.00124926531331788,887666.910445014,470.961927684479,5917.77940296676
5310.95755,0.00125304248172441,888581.144429408,472.385886626561,5923.87429619605
5310.96755,0.00125683737900258,889497.241852186,473.816529195788,5929.98161234791
5310.97754,0.00126065000515239,890415.202713351,475.253855392161,5936.10135142234
5310.98754,0.00126448036017383,891335.027012903,476.69786521568,5942.23351341935
5310.99754,0.0012683284440669,892256.714750841,478.148558666346,5948.37809833894
5311.00754,0.00127219425683161,893180.265927165,479.605935744157,5954.5351061811
5311.01753,0.00127607779846795,894105.680541875,481.069996449115,5960.70453694584
5311.02753,0.00127997906897593,895032.958594972,482.540740781219,5966.88639063315
5311.03753,0.00128389806835555,895962.100086456,484.01816874047,5973.08066724304
5311.04753,0.0012878347966068,896893.105016326,485.502280326866,5979.28736677551
5311.05752,0.00129178925372968,897825.973384582,486.993075540408,5985.50648923055
5311.06752,0.0012957614397242,898760.705191224,488.490554381097,5991.73803460816
5311.07752,0.00129975135459035,899697.300436253,489.994716848932,5997.98200290835
5311.08751,0.00130375899832814,900635.759119667,491.505562943912,6004.23839413112
5311.09751,0.00130778437093756,901576.081241469,493.023092666039,6010.50720827646
5311.10751,0.00131182747241862,902518.266801657,494.547306015313,6016.78844534438
5311.11751,0.00131588830277131,903462.315800232,496.078202991732,6023.08210533488
5311.1275,0.00131996686199564,904408.228237192,497.615783595298,6029.38818824795
5311.1375,0.0013240631500916,905356.004112538,499.160047826009,6035.70669408359
5311.1475,0.0013281771670592,906305.643426272,500.710995683867,6042.03762284181
5311.1575,0.00133230891289843,907257.146178392,502.268627168871,6048.38097452261
5311.16749,0.0013364583876093,908210.512368899,503.832942281021,6054.73674912599
5311.17749,0.0013406255911918,909165.74199779,505.403941020317,6061.10494665193
5311.18749,0.00134481052364594,910122.835065069,506.98162338676,6067.48556710046
5311.19749,0.00134901318497171,911081.791570734,508.565989380348,6073.87861047156
5311.20748,0.00135323357516912,912042.611514785,510.157039001083,6080.28407676523
5311.21748,0.00135747169423816,913005.294897223,511.754772248964,6086.70196598149
5311.22748,0.00136172754217884,913969.841718047,513.359189123991,6093.13227812031
5311.23748,0.00136600111899115,914936.251977258,514.970289626164,6099.57501318172
5311.24747,0.0013702924246751,915904.525674854,516.588073755483,6106.03017116569
5311.25747,0.00137460145923068,916874.662810837,518.21254151195,6112.49775207225
5311.26747,0.00137892822265789,917846.663385207,519.84369289556,6118.97775590138
5311.27747,0.00138327271495675,918820.527397963,521.481527906318,6125.47018265309
5311.28746,0.00138763493612723,919796.254849105,523.126046544223,6131.97503232737
5311.29746,0.00139201488616935,920773.845738633,524.777248809273,6138.49230492422
5311.30746,0.00139641256508311,921753.300066548,526.435134701469,6145.02200044365
5311.31746,0.0014008279728685,922734.61783285,528.099704220812,6151.56411888567
5311.32745,0.00140526110952553,923717.799037538,529.770957367301,6158.11866025026
5311.33745,0.00140971197505419,924702.843680612,531.448894140935,6164.68562453741
5311.34745,0.00141418056945448,925689.751762073,533.133514541716,6171.26501174715
5311.35744,0.00141866689272641,926678.523281918,534.824818569643,6177.85682187946
5311.36744,0.00142317094486998,927669.158240152,536.522806224716,6184.46105493435
5311.37744,0.00142769272588518,928661.656636771,538.227477506936,6191.0777109118
5311.38744,0.00143223223577201,929656.018471777,539.938832416301,6197.70678981185
5311.39743,0.00143678947453048,930652.243745171,541.656870952813,6204.34829163447
5311.40743,0.00144136444216059,931650.332456948,543.38159311647,6211.00221637965
5311.41743,0.00144595713866233,932650.284607111,545.112998907274,6217.66856404741
5311.42743,0.0014505675640357,933652.100195664,546.851088325224,6224.34733463776
5311.43742,0.00145519571828071,934655.779222601,548.595861370321,6231.03852815067
5311.44742,0.00145984160139736,935661.321687925,550.347318042564,6237.74214458617
5311.45742,0.00146450521338564,936668.727591635,552.105458341952,6244.45818394423
5311.46742,0.00146918655424555,937677.996933732,553.870282268487,6251.18664622488
5311.47741,0.0014738856239771,938689.129714214,555.641789822167,6257.9275314281
5311.48741,0.00147860242258028,939702.125933085,557.419981002995,6264.6808395539
5311.49741,0.0014833369500551,940716.985590339,559.204855810968,6271.44657060226
5311.50741,0.00148808920640156,941733.708685981,560.996414246087,6278.22472457321
5311.5174,0.00149285919161964,942752.29522001,562.794656308353,6285.01530146673
5311.5274,0.00149764690570937,943772.745192425,564.599581997765,6291.81830128284
5311.5374,0.00150245234867073,944795.058603227,566.411191314322,6298.63372402151
5311.5474,0.00150727552050372,945819.235452414,568.229484258026,6305.46156968276
5311.55739,0.00151211642120835,946845.275739988,570.054460828876,6312.30183826658
5311.56739,0.00151697505078461,947873.179465947,571.886121026873,6319.15452977298
5311.57739,0.00152185140923251,948902.946630295,573.724464852015,6326.01964420197
5311.58738,0.00152674549655204,949934.577233027,575.569492304304,6332.89718155352
5311.59738,0.00153165731274321,950968.071274146,577.421203383739,6339.78714182764
5311.60738,0.00153658685780601,952003.428753653,579.27959809032,6346.68952502435
5311.61738,0.00154153413174045,953040.649671544,581.144676424047,6353.60433114363
5311.62737,0.00154649913454652,954079.734027822,583.01643838492,6360.53156018548
5311.63737,0.00155148186622423,955120.681822486,584.89488397294,6367.47121214991
5311.64737,0.00155648232677357,956163.493055538,586.780013188104,6374.42328703692
5311.65737,0.00156150051619455,957208.167726975,588.671826030416,6381.3877848465
5311.66736,0.00156653643448716,958254.705836799,590.570322499874,6388.36470557866
5311.67736,0.00157159008165141,959303.10738501,592.475502596478,6395.3540492334
5311.68736,0.00157666145768729,960353.372371605,594.387366320228,6402.3558158107
5311.69736,0.00158175056259481,961405.500796588,596.305913671125,6409.37000531059
5311.70735,0.00158685739637396,962459.492659958,598.231144649167,6416.39661773305
5311.71735,0.00159198195902475,963515.347961713,600.163059254356,6423.43565307809
5311.72735,0.00159712425054717,964573.066701854,602.10165748669,6430.4871113457
5311.73735,0.00160228427094123,965632.648880383,604.046939346172,6437.55099253589
5311.74734,0.00160746202020692,966694.094497298,605.998904832798,6444.62729664865
5311.75734,0.00161265749834424,967757.403552598,607.957553946571,6451.71602368399
5311.76734,0.0016178707053532,968822.576046286,609.922886687491,6458.81717364191
5311.77734,0.0016231016412338,969889.61197836,611.894903055557,6465.9307465224
5311.78733,0.00162835030598603,970958.51134882,613.873603050768,6473.05674232547
5311.79733,0.00163361669960989,972029.274157665,615.858986673126,6480.1951610511
5311.80733,0.0016389008221054,973101.900404899,617.85105392263,6487.34600269932
5311.81732,0.00164420267347253,974176.390090517,619.84980479928,6494.50926727011
5311.82732,0.0016495222537113,975252.743214524,621.855239303077,6501.68495476349
5311.83732,0.00165485956282171,976330.959776915,623.867357434019,6508.87306517943
5311.84732,0.00166021460080375,977411.039777693,625.886159192108,6516.07359851795
5311.85731,0.00166558736765742,978492.983216857,627.911644577342,6523.28655477905
5311.86731,0.00167097786338273,979576.790094409,629.943813589723,6530.51193396273
5311.87731,0.00167638608797968,980662.460410344,631.98266622925,6537.74973606896
5311.88731,0.00168181204144826,981749.994164669,634.028202495923,6544.99996109779
5311.8973,0.00168725572378847,982839.391357379,636.080422389743,6552.26260904919
5311.9073,0.00169271713500032,983930.651988474,638.139325910709,6559.53767992316
5311.9173,0.00169819627508381,985023.776057957,640.20491305882,6566.82517371972
5311.9273,0.00170369314403893,986118.763565826,642.277183834078,6574.12509043884
5311.93729,0.00170920774186568,987215.614512081,644.356138236482,6581.43743008054
5311.94729,0.00171474006856407,988314.328896723,646.441776266032,6588.76219264482
5311.95729,0.00172029012413409,989414.906719751,648.534097922728,6596.09937813168
5311.96729,0.00172585790857575,990517.347981166,650.63310320657,6603.44898654111
5311.97728,0.00173144342188904,991621.652680967,652.738792117559,6610.81101787311
5311.98728,0.00173704666407397,992727.820819154,654.851164655694,6618.18547212769
5311.99728,0.00174266763513054,993835.852395727,656.970220820975,6625.57234930485
5312.00728,0.00174830633505874,994945.747410687,659.095960613402,6632.97164940458
5312.01727,0.00175396276385857,996057.505864032,661.228384032975,6640.38337242688
5312.02727,0.00175963692153004,997171.127755765,663.367491079695,6647.80751837177
5312.03727,0.00176532880807314,998286.613085885,665.513281753561,6655.24408723923
5312.04727,0.00177103842348788,999403.96185439,667.665756054572,6662.69307902927
5312.05726,0.00177676576777425,1000523.17406128,669.82491398273,6670.15449374187
5312.06726,0.00178251084093226,1001644.24970656,671.990755538035,6677.62833137706
5312.07726,0.00178452248083736,1002356.37675508,672.749125915737,6682.3758450339
5312.08725,0.00179030278305503,1003481.9393496,674.928248513644,6689.87959566399
5312.09725,0.00179610115342451,1004609.40257459,677.114182644312,6697.39601716395
5312.10725,0.00180191759194582,1005738.76643007,679.306928307742,6704.92510953378
5312.11725,0.00180775209861894,1006870.03091602,681.506485503934,6712.46687277348
5312.12724,0.00181360467344388,1008003.19603246,683.712854232888,6720.02130688304
5312.13724,0.00181947531642064,1009138.26177937,685.926034494605,6727.58841186248
5312.14724,0.00182536402754922,1010275.22815677,688.146026289083,6735.16818771178
5312.15724,0.00183127080682961,1011414.09516464,690.372829616323,6742.76063443096
5312.16723,0.00183719565426183,1012554.862803,692.606444476326,6750.36575201999
5312.17723,0.00184313856984586,1013697.53107184,694.846870869091,6757.9835404789
5312.18723,0.00184909955358172,1014842.09997115,697.094108794618,6765.61399980768
5312.19723,0.00185507860546939,1015988.56950095,699.348158252907,6773.25713000633
5312.20722,0.00186107572550887,1017136.93966123,701.609019243957,6780.91293107484
5312.21722,0.00186709091370018,1018287.21045198,703.87669176777,6788.58140301323
5312.22722,0.00187312417004331,1019439.38187322,706.151175824345,6796.26254582148
5312.23722,0.00187917549453826,1020593.45392494,708.432471413682,6803.9563594996
5312.24721,0.00188524488718502,1021749.42660714,710.720578535781,6811.66284404759
5312.25721,0.0018913323479836,1022907.29991982,713.015497190642,6819.38199946545
5312.26721,0.001897437876934,1024067.07386298,715.317227378265,6827.11382575317
5312.27721,0.00190356147403622,1025228.74843662,717.625769098651,6834.85832291077
5312.2872,0.00190970313929026,1026392.32364073,719.941122351798,6842.61549093822
5312.2972,0.00191586287269612,1027557.79947533,722.263287137708,6850.38532983556
5312.3072,0.00192204067425379,1028725.17594041,724.592263456379,6858.16783960276
5312.31719,0.00192823654396329,1029894.45303598,726.928051307812,6865.96302023984
5312.32719,0.0019344504818246,1031065.63076202,729.270650692008,6873.77087174677
5312.33719,0.00194068248783773,1032238.70911854,731.620061608966,6881.59139412358
5312.34719,0.00194693256200268,1033413.68810554,733.976284058685,6889.42458737026
5312.35718,0.00195320070431945,1034590.56772302,736.339318041166,6897.2704514868
5312.36718,0.00195948691478804,1035769.34797098,738.709163556411,6905.12898647321
5312.37718,0.00196579119340844,1036950.02884942,741.085820604417,6913.00019232949
5312.38718,0.00197211354018067,1038132.61035835,743.469289185184,6920.88406905564
5312.39717,0.00197845395510471,1039317.09249775,745.859569298714,6928.78061665166
5312.40717,0.00198481243818057,1040503.47526763,748.256660945006,6936.68983511755
5312.41717,0.00199118898940825,1041691.758668,750.66056412406,6944.6117244533
5312.42717,0.00199758360878775,1042881.94269884,753.071278835877,6952.54628465893
5312.43716,0.00200399629631906,1044074.02736016,755.488805080455,6960.49351573443
5312.44716,0.0020104270520022,1045268.01265197,757.913142857795,6968.45341767978
5312.45716,0.00201687587583715,1046463.89857425,760.344292167897,6976.42599049501
5312.46716,0.00202334276782393,1047661.68512702,762.782253010762,6984.41123418011
5312.47715,0.00202982772796252,1048861.37231026,765.227025386388,6992.40914873508
5312.48715,0.00203633075625293,1050062.96012399,767.678609294777,7000.41973415992
5312.49715,0.00204285185269515,1051266.44856819,770.137004735928,7008.44299045462
5312.50715,0.0020493910172892,1052471.83764288,772.60221170984,7016.47891761919
5312.51714,0.00205594825003507,1053679.12734805,775.074230216515,7024.52751565364
5312.52714,0.00206252355093275,1054888.31768369,777.553060255951,7032.58878455794
5312.53714,0.00206911691998225,1056099.40864982,780.03870182815,7040.66272433212
5312.54713,0.00207572835718357,1057312.40024643,782.531154933111,7048.74933497618
5312.55713,0.00208235786253671,1058527.29247351,785.030419570833,7056.8486164901
5312.56713,0.00208900543604167,1059744.08533108,787.536495741319,7064.96056887387
5312.57713,0.00209567107769845,1060962.77881913,790.049383444566,7073.08519212753
5312.58712,0.00210235478750704,1062183.37293766,792.569082680576,7081.22248625105
5312.59712,0.00210905656546746,1063405.86768667,795.095593449347,7089.37245124445
5312.60712,0.00211577641157969,1064630.26306616,797.62891575088,7097.5350871077
5312.61712,0.00212251432584374,1065856.55907612,800.169049585175,7105.71039384083
5312.62711,0.00212927030825961,1067084.75571657,802.715994952232,7113.89837144383
5312.63711,0.0021360443588273,1068314.8529875,805.269751852051,7122.0990199167
5312.64711,0.00214283647754681,1069546.85088891,807.830320284633,7130.31233925943
5312.65711,0.00214964666441813,1070780.7494208,810.397700249977,7138.53832947203
5312.6671,0.00215647491944128,1072016.54858318,812.971891748083,7146.77699055451
5312.6771,0.00216332124261624,1073254.24837603,815.55289477895,7155.02832250685
5312.6871,0.00217018563394302,1074493.84879936,818.14070934258,7163.29232532905
5312.6971,0.00217706809342162,1075735.34985317,820.735335438972,7171.56899902113
5312.70709,0.00218396862105204,1076978.75153746,823.336773068126,7179.85834358308
5312.71709,0.00219088721683427,1078224.05385223,825.945022230041,7188.16035901488
5312.72709,0.00219782388076833,1079471.25679749,828.560082924719,7196.47504531657
5312.73709,0.0022047786128542,1080720.36037322,831.181955152158,7204.80240248812
5312.74708,0.0022117514130919,1081971.36457943,833.810638912361,7213.14243052955
5312.75708,0.00221874228148141,1083224.26941613,836.446134205325,7221.49512944084
5312.76708,0.00222575121802274,1084479.0748833,839.088441031052,7229.86049922199
5312.77708,0.00223277822271588,1085735.78098095,841.73755938954,7238.23853987302
5312.78707,0.00223982329556085,1086994.38770909,844.39348928079,7246.62925139391
5312.79707,0.00224688643655764,1088254.8950677,847.056230704803,7255.03263378467
5312.80707,0.00225396764570624,1089517.3030568,849.725783661577,7263.4486870453
5312.81706,0.00226106692300666,1090781.61167637,852.402148151113,7271.87741117581
5312.82706,0.0022681842684589,1092047.82092643,855.085324173412,7280.31880617618
5312.83706,0.00227531968206296,1093315.93080696,857.775311728473,7288.77287204642
5312.84706,0.00228247316381884,1094585.94131798,860.472110816295,7297.23960878652
5312.85705,0.00228964471372654,1095857.85245947,863.175721436881,7305.7190163965
5312.86705,0.00229683433178606,1097131.66423145,865.886143590227,7314.21109487634
5312.87705,0.00230404201799739,1098407.37663391,868.603377276336,7322.71584422606
5312.88705,0.00231126777236054,1099684.98966684,871.327422495207,7331.23326444563
5312.89704,0.00231851159487551,1100964.50333026,874.058279246839,7339.76335553508
5312.90704,0.0023257734855423,1102245.91762416,876.795947531235,7348.30611749441
5312.91704,0.00233305344436091,1103529.23254854,879.540427348392,7356.86155032359
5312.92704,0.00234035147133134,1104814.4481034,882.291718698311,7365.42965402265
5312.93703,0.00234766756645358,1106101.56428873,885.049821580992,7374.01042859157
5312.94703,0.00235500172972765,1107390.58110455,887.814735996436,7382.60387403036
5312.95703,0.00236235396115353,1108681.49855085,890.586461944641,7391.20999033901
5312.96703,0.00236972426073123,1109974.31662763,893.364999425609,7399.82877751755
5312.97702,0.00237711262846075,1111269.03533489,896.150348439338,7408.46023556595
5312.98702,0.00238451906434209,1112565.65467263,898.942508985829,7417.10436448422
5312.99702,0.00239194356837525,1113864.17464085,901.741481065083,7425.76116427235
5313.00702,0.00239938614056022,1115164.59523955,904.547264677098,7434.43063493035
5313.01701,0.00240684678089702,1116466.91646873,907.359859821877,7443.11277645822
5313.02701,0.00241432548938563,1117771.1383284,910.179266499417,7451.80758885597
5313.03701,0.00242182226602606,1119077.26081854,913.005484709717,7460.51507212359
5313.047,0.00242933711081831,1120385.28393916,915.838514452782,7469.23522626106
5313.057,0.00243687002376237,1121695.20769026,918.678355728607,7477.9680512684
5313.067,0.00244442100485826,1123007.03207184,921.525008537196,7486.71354714562
5313.077,0.00245199005410597,1124320.75708391,924.378472878546,7495.47171389271
5313.08699,0.00245957717150549,1125636.38272645,927.238748752658,7504.24255150966
5313.09699,0.00246718235705684,1126953.90899947,930.105836159532,7513.02605999648
5313.10699,0.00247480561076,1128273.33590298,932.979735099169,7521.82223935318
5313.11699,0.00248244693261498,1129594.66343696,935.860445571567,7530.63108957974
5313.12698,0.00249010632262178,1130917.89160142,938.747967576728,7539.45261067616
5313.13698,0.00249778378078039,1132243.02039637,941.64230111465,7548.28680264246
5313.14698,0.00250547930709083,1133570.04982179,944.543446185335,7557.13366547862
5313.15698,0.00251319290155308,1134898.9798777,947.451402788781,7565.99319918465
5313.16697,0.00252092456416716,1136229.81056408,950.36617092499,7574.86540376056
5313.17697,0.00252867429493304,1137562.54188095,953.28775059396,7583.75027920633
5313.18697,0.00253644209385076,1138897.1738283,956.216141795693,7592.64782552198
5313.19697,0.00254422796092028,1140233.70640612,959.151344530188,7601.55804270749
5313.20696,0.00255203189614163,1141572.13961443,962.093358797445,7610.48093076285
5313.21696,0.0025598538995148,1142912.47345321,965.042184597464,7619.4164896881
5313.22696,0.00256769397103978,1144254.70792248,967.997821930245,7628.36471948321
5313.23696,0.00257555211071658,1145598.84302223,970.960270795788,7637.32562014821
5313.24695,0.0025834283185452,1146944.87875246,973.929531194093,7646.29919168305
5313.25695,0.00259132259452564,1148292.81511317,976.905603125161,7655.28543408778
5313.26695,0.0025992349386579,1149642.65210435,979.888486588989,7664.28434736235
5313.27695,0.00260716535094198,1150994.38972602,982.878181585581,7673.29593150682
5313.28694,0.00261511383137788,1152348.02797817,985.874688114935,7682.32018652113
5313.29694,0.00262308037996559,1153703.5668608,988.878006177049,7691.35711240534
5313.30694,0.00263106499670512,1155061.00637391,991.888135771928,7700.40670915939
5313.31693,0.00263906768159647,1156420.3465175,994.905076899566,7709.46897678333
5313.32693,0.00264708843463964,1157781.58729157,997.928829559968,7718.54391527713
5313.33693,0.00265512725583463,1159144.72869612,1000.95939375313,7727.63152464079
5313.34693,0.00266318414518144,1160509.77073115,1003.99676947906,7736.73180487433
5313.35692,0.00267125910268006,1161876.71339666,1007.04095673774,7745.84475597775
5313.36692,0.0026793521283305,1163245.55669265,1010.09195552919,7754.97037795102
5313.37692,0.00268746322213277,1164616.30061912,1013.14976585341,7764.10867079415
5313.38692,0.00269559238408685,1165988.94517608,1016.21438771038,7773.25963450717
5313.39691,0.00270373961419275,1167363.49036351,1019.28582110012,7782.42326909005
5313.40691,0.00271190491245047,1168739.93618142,1022.36406602262,7791.5995745428
5313.41691,0.00272008827886,1170118.28262981,1025.44912247787,7800.78855086542
5313.42691,0.00272828971342136,1171498.52970869,1028.5409904659,7809.9901980579
5313.4369,0.00273650921613453,1172880.67741804,1031.63966998668,7819.20451612025
5313.4469,0.00274474678699953,1174264.72575787,1034.74516104023,7828.43150505249
5313.4569,0.00275300242601634,1175650.67472819,1037.85746362654,7837.67116485457
5313.4669,0.00276127613318497,1177038.52432898,1040.97657774561,7846.92349552654
5313.47689,0.00276956790850541,1178428.27456026,1044.10250339744,7856.18849706837
5313.48689,0.00277787775197768,1179819.92542201,1047.23524058203,7865.46616948007
5313.49689,0.00278620566360177,1181213.47691424,1050.37478929939,7874.75651276163
5313.50689,0.00279455164337767,1182608.92903696,1053.52114954951,7884.05952691307
5313.51688,0.00280291569130539,1184006.28179016,1056.67432133239,7893.37521193437
5313.52688,0.00281129780738494,1185405.53517383,1059.83430464803,7902.70356782555
5313.53688,0.0028196979916163,1186806.68918799,1063.00109949644,7912.04459458659
5313.54687,0.00282811624399948,1188209.74383262,1066.17470587761,7921.3982922175
5313.55687,0.00283655256453447,1189614.69910774,1069.35512379153,7930.76466071827
5313.56687,0.00284500695322129,1191021.55501334,1072.54235323823,7940.14370008892
5313.57687,0.00285347941005992,1192430.31154941,1075.73639421768,7949.53541032943
5313.58686,0.00286196993505037,1193840.96871597,1078.93724672989,7958.93979143981
5313.59686,0.00287047852819265,1195253.52651301,1082.14491077487,7968.35684342007
5313.60686,0.00287900518948674,1196667.98494053,1085.35938635261,7977.7865662702
5313.61686,0.00288754991893264,1198084.34399853,1088.58067346311,7987.22895999018
5313.62685,0.00289611271653037,1199502.60368701,1091.80877210637,7996.68402458004
5313.63685,0.00290469358227991,1200922.76400597,1095.0436822824,8006.15176003977
5313.64685,0.00291329251618128,1202344.82495541,1098.28540399119,8015.63216636937
5313.65685,0.00292190951823446,1203768.78653532,1101.53393723274,8025.12524356882
5313.66684,0.00293054458843946,1205194.64874572,1104.78928200705,8034.63099163816
5313.67684,0.00293919772679628,1206622.41158661,1108.05143831412,8044.14941057737
5313.68684,0.00294786893330492,1208052.07505797,1111.32040615396,8053.68050038644
5313.69684,0.00295655820796538,1209483.63915981,1114.59618552656,8063.22426106537
5313.70683,0.00296526555077765,1210917.10389213,1117.87877643192,8072.78069261418
5313.71683,0.00297399096174175,1212352.46925493,1121.16817887004,8082.34979503286
5313.72683,0.00298273444085766,1213789.73524821,1124.46439284092,8091.9315683214
5313.73683,0.00299149598812539,1215228.90187197,1127.76741834457,8101.52601247982
5313.74682,0.00300027560354494,1216669.96912622,1131.07725538098,8111.13312750811
5313.75682,0.00300907328711631,1218112.93701094,1134.39390395015,8120.75291340625
5313.76682,0.00301788903883949,1219557.80552614,1137.71736405208,8130.38537017427
5313.77681,0.0030267228587145,1221004.57467182,1141.04763568677,8140.03049781217
5313.78681,0.00303557474674133,1222453.24444799,1144.38471885423,8149.68829631991
5313.79681,0.00304444470291997,1223903.81485463,1147.72861355445,8159.35876569754
5313.80681,0.00305333272725043,1225356.28589176,1151.07931978743,8169.04190594503
5313.8168,0.00306223881973271,1226810.65755936,1154.43683755317,8178.7377170624
5313.8268,0.00307116298036681,1228266.92985744,1157.80116685168,8188.44619904962
5313.8368,0.00308010520915273,1229725.10278601,1161.17230768294,8198.16735190674
5313.8468,0.00308906550609046,1231185.17634505,1164.55026004697,8207.9011756337
5313.85679,0.00309804387118002,1232647.15053458,1167.93502394376,8217.64767023054
5313.86679,0.00310704030442139,1234111.02535458,1171.32659937331,8227.40683569723
5313.87679,0.00311605480581458,1235576.80080507,1174.72498633563,8237.17867203381
5313.88679,0.00312508737535959,1237044.47688604,1178.13018483071,8246.96317924026
5313.89678,0.00313413801305642,1238514.05359748,1181.54219485855,8256.76035731656
5313.90678,0.00314320671890506,1239985.53093941,1184.96101641915,8266.57020626275
5313.91678,0.00315229349290553,1241458.90891182,1188.38664951251,8276.3927260788
5313.92678,0.00316139833505781,1242934.18751471,1191.81909413863,8286.22791676472
5313.93677,0.00317052124536191,1244411.36674808,1195.25835029752,8296.0757783205
5313.94677,0.00317966222381783,1245890.44661192,1198.70441798917,8305.93631074616
5313.95677,0.00318882127042558,1247371.42710625,1202.15729721358,8315.80951404167
5313.96677,0.00319799838518513,1248854.30823106,1205.61698797076,8325.69538820708
5313.97676,0.00320719356809651,1250339.08998635,1209.08349026069,8335.59393324233
5313.98676,0.00321640681915971,1251825.77237212,1212.55680408339,8345.50514914746
5313.99676,0.00322563813837472,1253314.35538837,1216.03692943885,8355.42903592246
5314.00676,0.00323488752574156,1254804.8390351,1219.52386632707,8365.36559356733
5314.01675,0.00324415498126021,1256297.22331231,1223.01761474806,8375.31482208206
5314.02675,0.00325344050493068,1257791.50822,1226.5181747018,8385.27672146667
5314.03675,0.00326274409675296,1259287.69375817,1230.02554618831,8395.25129172113
5314.04674,0.00327206575672707,1260785.77992682,1233.53972920758,8405.23853284549
5314.05674,0.003281405484853,1262285.76672595,1237.06072375961,8415.23844483969
5314.06674,0.00329076328113074,1263787.65415556,1240.58852984441,8425.25102770376
5314.07674,0.00330013914556031,1265291.44221565,1244.12314746196,8435.2762814377
5314.08673,0.00330953307814168,1266797.13090623,1247.66457661228,8445.31420604152
5314.09673,0.00331894507887488,1268304.72022728,1251.21281729536,8455.3648015152
5314.10673,0.0033283751477599,1269814.21017881,1254.7678695112,8465.42806785876
5314.11673,0.00333782328479674,1271325.60076083,1258.32973325981,8475.50400507219
5314.12672,0.0033472894899854,1272838.89197332,1261.89840854117,8485.59261315548
5314.13672,0.00335677376332587,1274354.0838163,1265.4738953553,8495.69389210863
5314.14672,0.00336627610481816,1275871.17628975,1269.05619370219,8505.80784193165
5314.15672,0.00337579651446227,1277390.16939368,1272.64530358184,8515.93446262455
5314.16671,0.0033853349922582,1278911.0631281,1276.24122499426,8526.07375418732
5314.17671,0.00339489153820596,1280433.85749299,1279.84395793944,8536.22571661995
5314.18671,0.00340446615230551,1281958.55248837,1283.45350241737,8546.39034992246
5314.19671,0.0034140588345569,1283485.14811422,1287.06985842808,8556.56765409482
5314.2067,0.00342366958496011,1285013.64437056,1290.69302597154,8566.75762913706
5314.2167,0.00343329840351513,1286544.04125737,1294.32300504776,8576.96027504916
5314.2267,0.00344294529022197,1288076.33877467,1297.95979565675,8587.17559183114
5314.2367,0.00345261024508063,1289610.53692245,1301.6033977985,8597.40357948299
5314.24669,0.00346229326809111,1291146.6357007,1305.25381147301,8607.6442380047
5314.25669,0.0034719943592534,1292684.63510944,1308.91103668028,8617.89756739629
5314.26669,0.00348171351856752,1294224.53514866,1312.57507342032,8628.16356765774
5314.27668,0.00349145074603346,1295766.33581836,1316.24592169312,8638.44223878906
5314.28668,0.00350120604165121,1297310.03711854,1319.92358149868,8648.73358079025
5314.29668,0.00351097940542078,1298855.63904919,1323.608052837,8659.0375936613
5314.30668,0.00352077083734217,1300403.14161034,1327.29933570808,8669.35427740224
5314.31667,0.00353058033741538,1301952.54480195,1330.99743011193,8679.68363201302
5314.32667,0.00354040790564041,1303503.84862405,1334.70233604854,8690.02565749367
5314.33667,0.00355025354201725,1305057.05307663,1338.41405351791,8700.38035384421
5314.34667,0.00356011724654592,1306612.15815969,1342.13258252004,8710.74772106462
5314.35666,0.0035699990192264,1308169.16387323,1345.85792305493,8721.12775915488
5314.36666,0.0035798988600587,1309728.07021725,1349.59007512259,8731.52046811502
5314.37666,0.00358981676904282,1311288.87719175,1353.329038723,8741.92584794502
5314.38666,0.00359975274617876,1312851.58479673,1357.07481385618,8752.34389864489
5314.39665,0.00360970679146652,1314416.1930322,1360.82740052213,8762.77462021464
5314.40665,0.00361967890490609,1315982.70189814,1364.58679872083,8773.21801265424
5314.41665,0.00362966908649748,1317551.11139456,1368.3530084523,8783.67407596373
5314.42665,0.0036396773362407,1319121.42152146,1372.12602971652,8794.14281014307
5314.43664,0.00364970365413573,1320693.63227884,1375.90586251352,8804.62421519229
5314.44664,0.00365974804018258,1322267.74366671,1379.69250684327,8815.11829111138
5314.45664,0.00366981049438125,1323843.75568505,1383.48596270578,8825.62503790034
5314.46664,0.00367989101673174,1325421.66833387,1387.28623010106,8836.14445555915
5314.47663,0.00368998960723404,1327001.48161318,1391.0933090291,8846.67654408784
5314.48663,0.00370010626588816,1328583.19552296,1394.9071994899,8857.22130348641
5314.49663,0.0037102409926941,1330166.81006323,1398.72790148346,8867.77873375485
5314.50662,0.00372039378765187,1331752.32523397,1402.55541500978,8878.34883489314
5314.51662,0.00373056465076145,1333339.74103519,1406.38974006887,8888.93160690129
5314.52662,0.00374075358202284,1334929.0574669,1410.23087666072,8899.52704977933
5314.53662,0.00375096058143607,1336520.27452909,1414.07882478533,8910.13516352724
5314.54661,0.0037611856490011,1338113.39222175,1417.93358444271,8920.75594814501
5314.55661,0.00377142878471795,1339708.4105449,1421.79515563284,8931.38940363264
5314.56661,0.00378168998858662,1341305.32949852,1425.66353835574,8942.03552999016
5314.57661,0.00379196926060712,1342904.14908263,1429.5387326114,8952.69432721753
5314.5866,0.00380226660077943,1344504.86929722,1433.42073839982,8963.36579531477
5314.5966,0.00381258200910355,1346107.49014228,1437.309555721,8974.04993428189
5314.6066,0.0038229154855795,1347712.01161783,1441.20518457495,8984.74674411888
5314.6166,0.00383326703020727,1349318.43372386,1445.10762496165,8995.45622482574
5314.62659,0.00384363664298685,1350926.75646037,1449.01687688112,9006.17837640245
5314.63659,0.00385402432391825,1352536.97982736,1452.93294033335,9016.91319884905
5314.64659,0.00386443007300148,1354149.10382482,1456.85581531835,9027.66069216549
5314.65659,0.00387485389023651,1355763.12845277,1460.7855018361,9038.42085635183
5314.66658,0.00388529577562337,1357379.0537112,1464.72199988662,9049.19369140803
5314.67658,0.00389575572916205,1358996.87960011,1468.6653094699,9059.97919733409
5314.68658,0.00390623375085254,1360616.6061195,1472.61543058594,9070.77737413002
5314.69658,0.00391672984069486,1362238.23326937,1476.57236323475,9081.58822179582
5314.70657,0.00392724399868899,1363861.76104972,1480.53610741631,9092.41174033148
5314.71657,0.00393777622483494,1365487.18946055,1484.50666313064,9103.24792973703
5314.72657,0.00394832651913272,1367114.51850187,1488.48403037773,9114.09679001243
5314.73657,0.00395889488158231,1368743.74817366,1492.46820915759,9124.9583211577
5314.74656,0.00396948131218371,1370374.87847593,1496.4591994702,9135.83252317285
5314.75656,0.00398008581093693,1372007.90940868,1500.45700131557,9146.71939605787
5314.76656,0.00399070837784198,1373642.84097191,1504.46161469371,9157.61893981275
5314.77655,0.00400134901289884,1375279.67316562,1508.47303960461,9168.5311544375
5314.78655,0.00401200771610752,1376918.40598982,1512.49127604827,9179.45603993211
5314.79655,0.00402268448746803,1378559.03944449,1516.5163240247,9190.39359629662
5314.80655,0.00403337932698034,1380201.57352964,1520.54818353389,9201.34382353095
5314.81654,0.00404409223464448,1381846.00824528,1524.58685457584,9212.30672163519
5314.82654,0.00405482321046043,1383492.34359139,1528.63233715054,9223.28229060927
5314.83654,0.0040655722544282,1385140.57956799,1532.68463125802,9234.27053045324
5314.84654,0.0040763393665478,1386790.71617506,1536.74373689825,9245.27144116707
5314.85653,0.00408712454681921,1388442.75341262,1540.80965407125,9256.28502275077
5314.86653,0.00409792779524244,1390096.69128065,1544.88238277701,9267.31127520433
5314.87653,0.00410874911181749,1391752.52977917,1548.96192301553,9278.35019852779
5314.88653,0.00411958849654435,1393410.26890816,1553.04827478681,9289.40179272106
5314.89652,0.00413044594942304,1395069.90866764,1557.14143809086,9300.46605778425
5314.90652,0.00414132147045355,1396731.44905759,1561.24141292767,9311.5429937173
5314.91652,0.00415221505963587,1398394.89007803,1565.34819929723,9322.63260052021
5314.92652,0.00416312671697001,1400060.23172895,1569.46179719957,9333.73487819298
5314.93651,0.00417405644245597,1401727.47401035,1573.58220663466,9344.84982673564
5314.94651,0.00418500423609374,1403396.61692222,1577.70942760251,9355.97744614815
5314.95651,0.00419597009788334,1405067.66046458,1581.84346010313,9367.11773643053
5314.96651,0.00420695402782476,1406740.60463742,1585.98430413651,9378.27069758279
5314.9765,0.004217956025918,1408415.44944074,1590.13195970265,9389.43632960491
5314.9865,0.00422897609216305,1410092.19487454,1594.28642680156,9400.6146324969
5314.9965,0.00424001422655992,1411770.84093881,1598.44770543322,9411.80560625875
5315.00649,0.0042510704291086,1413451.38763357,1602.61579559765,9423.00925089049
5315.01649,0.00426214469980912,1415133.83495881,1606.79069729484,9434.22556639209
5315.02649,0.00427323703866144,1416818.18291453,1610.97241052479,9445.45455276356
5315.03649,0.00428434744566559,1418504.43150073,1615.16093528751,9456.69621000489
5315.04648,0.00429547592082155,1420192.58071741,1619.35627158298,9467.95053811608
5315.05648,0.00430662246412934,1421882.63056457,1623.55841941122,9479.21753709716
5315.06648,0.00431778707558894,1423574.58104222,1627.76737877222,9490.4972069481
5315.07648,0.00432896975520036,1425268.43215034,1631.98314966598,9501.78954766892
5315.08647,0.00434017050296359,1426964.18388894,1636.20573209251,9513.09455925959
5315.09647,0.00435138931887865,1428661.83625802,1640.43512605179,9524.41224172013
5315.10647,0.00436262620294553,1430361.38925758,1644.67133154384,9535.74259505054
5315.11647,0.00437388115516423,1432062.84288762,1648.91434856865,9547.08561925083
5315.12646,0.00438515417553473,1433766.19714815,1653.16417712622,9558.44131432098
5315.13646,0.00439644526405707,1435471.45203915,1657.42081721656,9569.809680261
5315.14646,0.00440775442073122,1437178.60756063,1661.68426883966,9581.19071707088
5315.15646,0.00441908164555719,1438887.6637126,1665.95453199552,9592.58442475064
5315.16645,0.00443042693853497,1440598.62049504,1670.23160668414,9603.99080330027
5315.17645,0.00444179029966458,1442311.47790796,1674.51549290552,9615.40985271976
5315.18645,0.004453171728946,1444026.23595137,1678.80619065966,9626.84157300912
5315.19645,0.00446457122637924,1445742.89462525,1683.10369994657,9638.28596416836
5315.20644,0.00447598879196432,1447461.45392962,1687.40802076624,9649.74302619747
5315.21644,0.00448742442570119,1449181.91386446,1691.71915311867,9661.21275909643
5315.22644,0.00449887812758989,1450904.27442979,1696.03709700386,9672.69516286528
5315.23643,0.00451034989763041,1452628.5356256,1700.36185242182,9684.19023750397
5315.24643,0.00452183973582274,1454354.69745188,1704.69341937254,9695.69798301255
5315.25643,0.00453334764216689,1456082.75990865,1709.03179785601,9707.21839939099
5315.26643,0.00454487361666286,1457812.72299589,1713.37698787226,9718.75148663929
5315.27642,0.00455641765931066,1459544.58671363,1717.72898942126,9730.2972447575
5315.28642,0.00456797977011027,1461278.35106183,1722.08780250302,9741.85567374555
5315.29642,0.0045795599490617,1463014.01604052,1726.45342711756,9753.42677360348
5315.30642,0.00459115819616494,1464751.58164969,1730.82586326484,9765.01054433123
5315.31641,0.00460277451142001,1466491.04788933,1735.2051109449,9776.60698592888
5315.32641,0.00461440889482689,1468232.41475946,1739.59117015771,9788.21609839642
5315.33641,0.00462606134638559,1469975.68226007,1743.98404090328,9799.83788173382
5315.34641,0.00463773186609612,1471720.85039116,1748.38372318162,9811.47233594109
5315.3564,0.00464942045395845,1473467.91915273,1752.79021699272,9823.1194610182
5315.3664,0.00466112710997262,1475216.88854478,1757.20352233658,9834.7792569652
5315.3764,0.00467285183413859,1476967.75856731,1761.62363921321,9846.45172378207
5315.3864,0.00468459462645639,1478720.52922032,1766.05056762259,9858.1368614688
5315.39639,0.00469635548692601,1480475.20050381,1770.48430756474,9869.83467002539
