Time,Velocity,Pressure,Gamma,Tau
5515.46432,0.000489548384390391,789224.340093155,184.555392957313,5261.49560062103
5515.47431,0.000489266219121952,789731.664953572,184.449019157181,5264.87776635715
5515.48431,0.000488994223106422,790239.068827202,184.346479075078,5268.26045884802
5515.49431,0.000488732396343801,790746.551714045,184.247772711002,5271.64367809364
5515.5043,0.000488480738834087,791254.1136141,184.152900064954,5275.027424094
5515.5143,0.000488239250577283,791761.754527368,184.061861136933,5278.41169684912
5515.5243,0.000488007931573386,792269.474453849,183.97465592694,5281.79649635899
5515.5343,0.000487786781822398,792777.273393542,183.891284434974,5285.18182262361
5515.54429,0.000487575801324318,793285.151346448,183.811746661036,5288.56767564298
5515.55429,0.000487374990079147,793793.108312566,183.736042605126,5291.9540554171
5515.56429,0.000487184348086884,794301.144291897,183.664172267242,5295.34096194598
5515.57429,0.000487003875347528,794809.259284441,183.596135647386,5298.7283952296
5515.58428,0.000486833571861083,795317.453290197,183.531932745559,5302.11635526798
5515.59428,0.000486673437627544,795825.726309165,183.471563561758,5305.5048420611
5515.60428,0.000486523472646914,796334.078341348,183.415028095985,5308.89385560898
5515.61428,0.000486383676919193,796842.509386742,183.362326348239,5312.28339591161
5515.62427,0.000486254050444381,797351.019445347,183.313458318522,5315.67346296898
5515.63427,0.000486134593222474,797859.608517167,183.268424006831,5319.06405678112
5515.64427,0.000486025305253478,798368.276602199,183.227223413168,5322.455177348
5515.65427,0.000485926186537391,798877.023700444,183.189856537532,5325.84682466962
5515.66426,0.00048583723707421,799385.849811902,183.156323379924,5329.23899874601
5515.67426,0.000485758456863939,799894.754936571,183.126623940344,5332.63169957714
5515.68426,0.000485689845906576,800403.739074454,183.100758218791,5336.02492716303
5515.69426,0.000485631404202121,800912.802225549,183.078726215265,5339.41868150366
5515.70425,0.000485583131750575,801421.944389856,183.060527929768,5342.81296259904
5515.71425,0.000485545028551937,801931.165567377,183.046163362297,5346.20777044918
5515.72425,0.000485517094606207,802440.46575811,183.035632512854,5349.60310505407
5515.73425,0.000485499329913385,802949.844962056,183.028935381439,5352.99896641371
5515.74424,0.000485491734473471,803459.303179214,183.026071968051,5356.3953545281
5515.75424,0.000485494308286466,803968.840409585,183.02704227269,5359.79226939724
5515.76424,0.00048550705135237,804478.456653169,183.031846295358,5363.18971102113
5515.77423,0.000485529963671182,804988.151909965,183.040484036053,5366.58767939977
5515.78423,0.000485563045242902,805497.926179974,183.052955494775,5369.98617453316
5515.79423,0.000485606296067531,806007.779463196,183.069260671525,5373.38519642131
5515.80423,0.000485659716145067,806517.711759629,183.089399566302,5376.7847450642
5515.81422,0.000485723305475513,807027.723069277,183.113372179107,5380.18482046184
5515.82422,0.000485797064058865,807537.813392136,183.141178509938,5383.58542261424
5515.83422,0.000485880991895127,808047.982728208,183.172818558798,5386.98655152139
5515.84422,0.000485975088984297,808558.231077493,183.208292325685,5390.38820718329
5515.85421,0.000486079355326375,809068.55843999,183.2475998106,5393.79038959993
5515.86421,0.000486193790921363,809578.9648157,183.290741013543,5397.19309877133
5515.87421,0.000486318395769257,810089.450204623,183.337715934513,5400.59633469748
5515.88421,0.000486453169870061,810600.014606757,183.38852457351,5404.00009737838
5515.8942,0.000486598113223771,811110.658022106,183.443166930535,5407.40438681404
5515.9042,0.000486753225830392,811621.380450666,183.501643005587,5410.80920300444
5515.9142,0.000486918507689921,812132.181892439,183.563952798667,5414.21454594959
5515.9242,0.000487093958802357,812643.062347425,183.630096309775,5417.6204156495
5515.93419,0.000487279579167702,813154.021815623,183.70007353891,5421.02681210415
5515.94419,0.000487475368785956,813665.060297033,183.773884486072,5424.43373531356
5515.95419,0.000487681327657117,814176.177791657,183.851529151262,5427.84118527772
5515.96419,0.000487897455781187,814687.374299493,183.933007534479,5431.24916199662
5515.97418,0.000488123753158166,815198.649820543,184.018319635725,5434.65766547029
5515.98418,0.000488360219788052,815710.004354804,184.107465454997,5438.06669569869
5515.99418,0.000488606855670847,816221.437902278,184.200444992297,5441.47625268185
5516.00417,0.000488863660806549,816732.950462965,184.297258247624,5444.88633641977
5516.01417,0.000489130635195162,817244.542036864,184.39790522098,5448.29694691243
5516.02417,0.000489407778836682,817756.212623976,184.502385912362,5451.70808415984
5516.03417,0.00048969509173111,818267.962224301,184.610700321772,5455.11974816201
5516.04416,0.000489992573878447,818779.790837838,184.72284844921,5458.53193891892
5516.05416,0.000490300225278691,819291.698464588,184.838830294675,5461.94465643059
5516.06416,0.000490618045931844,819803.685104551,184.958645858167,5465.357900697
5516.07416,0.000490946035837906,820315.750757725,185.082295139688,5468.77167171817
5516.08415,0.000491284194996876,820827.895424113,185.209778139235,5472.18596949408
5516.09415,0.000491632523408754,821340.119103713,185.341094856811,5475.60079402475
5516.10415,0.00049199102107354,821852.421796526,185.476245292413,5479.01614531018
5516.11415,0.000492359687991235,822364.803502552,185.615229446043,5482.43202335035
5516.12414,0.000492738524161839,822877.26422179,185.758047317701,5485.84842814526
5516.13414,0.00049312752958535,823389.80395424,185.904698907386,5489.26535969494
5516.14414,0.00049352670426177,823902.422699905,186.055184215099,5492.68281799937
5516.15414,0.000493936048191098,824415.120458781,186.209503240839,5496.10080305854
5516.16413,0.000494355561373335,824927.89723087,186.367655984607,5499.51931487247
5516.17413,0.00049478524380848,825440.753016171,186.529642446403,5502.93835344114
5516.18413,0.000495225095496533,825953.687814685,186.695462626225,5506.35791876457
5516.19413,0.000495675116437494,826466.701626411,186.865116524075,5509.77801084274
5516.20412,0.000496135306631364,826979.794451352,187.038604139954,5513.19862967568
5516.21412,0.000496605666078142,827492.966289503,187.215925473859,5516.61977526336
5516.22412,0.000497086194777829,828006.217140868,187.397080525792,5520.04144760579
5516.23411,0.000497576892730423,828519.547005446,187.582069295752,5523.46364670297
5516.24411,0.000498077759935926,829032.955883235,187.77089178374,5526.8863725549
5516.25411,0.000498588796394338,829546.443774238,187.963547989756,5530.30962516158
5516.26411,0.000499110002105657,830060.010678453,188.160037913798,5533.73340452302
5516.2741,0.000499641377069885,830573.65659588,188.360361555869,5537.1577106392
5516.2841,0.000500182921287022,831087.381526521,188.564518915967,5540.58254351014
5516.2941,0.000500734634757068,831601.185470374,188.772509994093,5544.00790313582
5516.3041,0.00050129651748002,832115.068427439,188.984334790245,5547.43378951626
5516.31409,0.000501868569455881,832629.030397718,189.199993304426,5550.86020265145
5516.32409,0.000502450790684651,833143.071381209,189.419485536634,5554.28714254139
5516.33409,0.00050304318116633,833657.191377912,189.64281148687,5557.71460918608
5516.34409,0.000503645740900915,834171.390387828,189.869971155132,5561.14260258552
5516.35408,0.00050425846988841,834685.668410956,190.100964541423,5564.57112273971
5516.36408,0.000504881368128813,835200.025447298,190.335791645741,5568.00016964866
5516.37408,0.000505514435622124,835714.461496852,190.574452468087,5571.42974331235
5516.38408,0.000506157672368344,836228.976559619,190.81694700846,5574.85984373079
5516.39407,0.000506811078367472,836743.570635599,191.06327526686,5578.29047090399
5516.40407,0.000507474653619509,837258.24372479,191.313437243289,5581.72162483193
5516.41407,0.000508148398124453,837772.995827195,191.567432937744,5585.15330551463
5516.42407,0.000508832311882307,838287.826942812,191.825262350228,5588.58551295208
5516.43406,0.000509526394893068,838802.737071642,192.086925480738,5592.01824714428
5516.44406,0.000510230647156737,839317.726213684,192.352422329276,5595.45150809123
5516.45406,0.000510945068673315,839832.794368939,192.621752895842,5598.88529579293
5516.46406,0.000511669659442801,840347.941537407,192.894917180436,5602.31961024938
5516.47405,0.000512404419465196,840863.167719087,193.171915183056,5605.75445146058
5516.48405,0.000513149348740499,841378.47291398,193.452746903705,5609.18981942653
5516.49405,0.000513904447268711,841893.857122086,193.737412342381,5612.62571414724
5516.50404,0.00051466971504983,842409.320343404,194.025911499084,5616.0621356227
5516.51404,0.000515445152083858,842924.862577934,194.318244373815,5619.49908385289
5516.52404,0.000516230758370794,843440.483825678,194.614410966573,5622.93655883786
5516.53404,0.000517026533910639,843956.184086635,194.914411277359,5626.37456057757
5516.54403,0.000517832478703392,844471.963360803,195.218245306172,5629.81308907202
5516.55403,0.000518648592749053,844987.821648184,195.525913053013,5633.25214432123
5516.56403,0.000519474876047622,845503.758948779,195.837414517881,5636.69172632519
5516.57403,0.0005203113285991,846019.775262585,196.152749700777,5640.1318350839
5516.58402,0.000521157950403487,846535.870589605,196.471918601701,5643.57247059737
5516.59402,0.000522014741460782,847052.044929837,196.794921220652,5647.01363286558
5516.60402,0.000522881701770984,847568.298283282,197.12175755763,5650.45532188854
5516.61402,0.000523758831334095,848084.630649938,197.452427612636,5653.89753766626
5516.62401,0.000524646130150114,848601.042029808,197.78693138567,5657.34028019872
5516.63401,0.000525543598219042,849117.53242289,198.125268876731,5660.78354948594
5516.64401,0.000526451235540879,849634.101829186,198.467440085819,5664.2273455279
5516.65401,0.000527369042115624,850150.750248694,198.813445012936,5667.67166832462
5516.664,0.000528297017943276,850667.477681413,199.163283658079,5671.11651787609
5516.674,0.000529235163023837,851184.284127346,199.51695602125,5674.56189418231
5516.684,0.000530183477357307,851701.169586492,199.874462102449,5678.00779724328
5516.694,0.000531141960943684,852218.134058851,200.235801901675,5681.454227059
5516.70399,0.000532110613782971,852735.177544421,200.600975418928,5684.90118362947
5516.71399,0.000533089435875166,853252.300043205,200.96998265421,5688.3486669547
5516.72399,0.000534078427220268,853769.501555201,201.342823607518,5691.79667703467
5516.73398,0.000535077587818279,854286.782080409,201.719498278854,5695.2452138694
5516.74398,0.000536086917669199,854804.141618831,202.100006668218,5698.69427745887
5516.75398,0.000537106416773027,855321.580170465,202.484348775609,5702.1438678031
5516.76398,0.000538136085129762,855839.097735311,202.872524601028,5705.59398490207
5516.77397,0.000539175922739407,856356.694313371,203.264534144474,5709.04462875581
5516.78397,0.00054022592960196,856874.369904642,203.660377405948,5712.49579936428
5516.79397,0.000541286105717421,857392.124509127,204.060054385449,5715.94749672751
5516.80397,0.00054235645108579,857909.958126824,204.463565082978,5719.39972084549
5516.81396,0.000543436965707068,858427.870757734,204.870909498534,5722.85247171823
5516.82396,0.000544527649581254,858945.862401857,205.282087632118,5726.30574934571
5516.83396,0.000545628502708348,859463.933059191,205.697099483729,5729.75955372794
5516.84396,0.00054673952508835,859982.082729739,206.115945053368,5733.21388486493
5516.85395,0.000547860716721262,860500.311413499,206.538624341035,5736.66874275666
5516.86395,0.000548992077607081,861018.619110473,206.965137346728,5740.12412740315
5516.87395,0.000550133607745809,861537.005820658,207.39548407045,5743.58003880439
5516.88395,0.000551285307137445,862055.471544056,207.829664512199,5747.03647696037
5516.89394,0.000552447175781989,862574.016280667,208.267678671975,5750.49344187111
5516.90394,0.000553619213679442,863092.64003049,208.709526549779,5753.9509335366
5516.91394,0.000554801420829803,863611.342793527,209.155208145611,5757.40895195685
5516.92394,0.000555993797233073,864130.124569775,209.60472345947,5760.86749713183
5516.93393,0.000557196342889251,864648.985359237,210.058072491356,5764.32656906158
5516.94393,0.000558409057798336,865167.925161911,210.51525524127,5767.78616774607
5516.95393,0.000559631941960331,865686.943977797,210.976271709212,5771.24629318532
5516.96392,0.000560864995375233,866206.041806896,211.441121895181,5774.70694537931
5516.97392,0.000562108218043044,866725.218649207,211.909805799177,5778.16812432805
5516.98392,0.000563361609963763,867244.474504733,212.382323421201,5781.62983003155
5516.99392,0.000564625171137392,867763.809373469,212.858674761253,5785.09206248979
5517.00391,0.000565898901563926,868283.223255419,213.338859819332,5788.5548217028
5517.01391,0.000567182801243372,868802.716150581,213.822878595439,5792.01810767054
5517.02391,0.000568476870175725,869322.288058957,214.310731089573,5795.48192039304
5517.03391,0.000569781108360985,869841.938980545,214.802417301734,5798.9462598703
5517.0439,0.000571095515799154,870361.668915345,215.297937231923,5802.4111261023
5517.0539,0.000572420092490232,870881.477863357,215.79729088014,5805.87651908905
5517.0639,0.000573754838434218,871401.365824583,216.300478246384,5809.34243883055
5517.0739,0.000575099753631112,871921.332799021,216.807499330656,5812.80888532681
5517.08389,0.000576454838080913,872441.378786672,217.318354132955,5816.27585857781
5517.09389,0.000577820091783625,872961.503787535,217.833042653282,5819.74335858357
5517.10389,0.000579195514739245,873481.707801612,218.351564891636,5823.21138534408
5517.11389,0.000580581106947771,874001.990828901,218.873920848018,5826.67993885934
5517.12388,0.000581976868409208,874522.352869401,219.400110522427,5830.14901912934
5517.13388,0.000583382799123551,875042.793923115,219.930133914864,5833.6186261541
5517.14388,0.000584798899090804,875563.313990041,220.463991025328,5837.0887599336
5517.15388,0.000586225168310966,876083.91307018,221.00168185382,5840.55942046787
5517.16387,0.000587661606784034,876604.591163532,221.543206400339,5844.03060775688
5517.17387,0.000589108214510012,877125.348270097,222.088564664887,5847.50232180065
5517.18387,0.000590564991488898,877646.184389874,222.637756647461,5850.97456259916
5517.19387,0.000592031937720693,878167.099522864,223.190782348063,5854.44733015243
5517.20386,0.000593509053205394,878688.093669067,223.747641766692,5857.92062446044
5517.21386,0.000594996337943005,879209.166828481,224.308334903349,5861.39444552321
5517.22386,0.000596493791933525,879730.31900111,224.872861758034,5864.86879334073
5517.23385,0.000598001415176953,880251.55018695,225.441222330746,5868.343667913
5517.24385,0.000599519207673288,880772.860386001,226.013416621485,5871.81906924001
5517.25385,0.000601047169422531,881294.249598267,226.589444630252,5875.29499732178
5517.26385,0.000602585300424684,881815.717823746,227.169306357046,5878.7714521583
5517.27384,0.000604133600679745,882337.265062436,227.753001801868,5882.24843374957
5517.28384,0.000605692070187715,882858.891314339,228.340530964718,5885.7259420956
5517.29384,0.000607260708948591,883380.596579456,228.931893845595,5889.20397719637
5517.30384,0.000608839516962378,883902.380857784,229.5270904445,5892.6825390519
5517.31383,0.000610428494229071,884424.244149326,230.126120761431,5896.16162766217
5517.32383,0.000612027640748674,884946.18645408,230.728984796391,5899.6412430272
5517.33383,0.000613636956521185,885468.207772046,231.335682549378,5903.12138514697
5517.34383,0.000615256441546604,885990.308103226,231.946214020393,5906.6020540215
5517.35382,0.000616886095824932,886512.487447617,232.560579209435,5910.08324965078
5517.36382,0.000618525919356167,887034.74580522,233.178778116505,5913.5649720348
5517.37382,0.000620175912140311,887557.083176038,233.800810741602,5917.04722117359
5517.38382,0.000621836074177364,888079.499560069,234.426677084727,5920.52999706712
5517.39381,0.000623506405467324,888601.994957311,235.056377145879,5924.01329971541
5517.40381,0.000625186906010194,889124.569367765,235.689910925059,5927.49712911843
5517.41381,0.000626877575805971,889647.222791433,236.327278422266,5930.98148527622
5517.42381,0.000628578414854656,890169.955228313,236.968479637501,5934.46636818876
5517.4338,0.000630289423156249,890692.766678406,237.613514570763,5937.95177785604
5517.4438,0.000632010600710753,891215.657141711,238.262383222053,5941.43771427808
5517.4538,0.000633741947518163,891738.62661823,238.91508559137,5944.92417745487
5517.46379,0.000635483463578482,892261.675107961,239.571621678715,5948.4111673864
5517.47379,0.000637235148891709,892784.802610904,240.231991484087,5951.8986840727
5517.48379,0.000638997003457846,893308.009127059,240.896195007487,5955.38672751373
5517.49379,0.000640769027276888,893831.294656428,241.564232248914,5958.87529770952
5517.50378,0.000642551220348841,894354.65919901,242.236103208369,5962.36439466007
5517.51378,0.000644343582673703,894878.102754804,242.911807885852,5965.85401836536
5517.52378,0.000646146114251471,895401.625323809,243.591346281361,5969.3441688254
5517.53378,0.000647958815082148,895925.22690603,244.274718394899,5972.8348460402
5517.54377,0.000649781685165733,896448.907501461,244.961924226464,5976.32605000974
5517.55377,0.000651614724502227,896972.667110105,245.652963776056,5979.81778073403
5517.56377,0.00065345793309163,897496.505731963,246.347837043676,5983.31003821308
5517.57377,0.00065531131093394,898020.423367032,247.046544029324,5986.80282244688
5517.58376,0.000657174858029159,898544.420015314,247.749084732999,5990.29613343543
5517.59376,0.000659048574377287,899068.495676809,248.455459154701,5993.78997117873
5517.60376,0.000660932459978323,899592.650351517,249.165667294432,5997.28433567678
5517.61376,0.000662826514832266,900116.884039437,249.879709152189,6000.77922692958
5517.62375,0.000664730738939118,900641.196740569,250.597584727974,6004.27464493713
5517.63375,0.000666645132298879,901165.588454915,251.319294021787,6007.77058969943
5517.64375,0.000668569694911547,901690.059182474,252.044837033626,6011.26706121649
5517.65375,0.000670504426777125,902214.608923244,252.774213763494,6014.76405948829
5517.66374,0.00067244932789561,902739.237677227,253.507424211389,6018.26158451485
5517.67374,0.000674404398267004,903263.945444423,254.244468377312,6021.75963629615
5517.68374,0.000676369637891306,903788.732224832,254.985346261262,6025.25821483221
5517.69373,0.000678345046768518,904313.598018454,255.73005786324,6028.75732012303
5517.70373,0.000680330624898636,904838.542825287,256.478603183245,6032.25695216858
5517.71373,0.000682326372281663,905363.566645334,257.230982221278,6035.75711096889
5517.72373,0.000684332288917598,905888.669478593,257.987194977337,6039.25779652395
5517.73372,0.000686348374806442,906413.851325064,258.747241451425,6042.75900883376
5517.74372,0.000688374629948195,906939.112184749,259.511121643541,6046.26074789833
5517.75372,0.000690411054342854,907464.452057646,260.278835553683,6049.76301371764
5517.76372,0.000692457647990423,907989.870943757,261.050383181853,6053.26580629171
5517.77371,0.0006945144108909,908515.368843077,261.825764528051,6056.76912562052
5517.78371,0.000696581343044287,909040.945755612,262.604979592277,6060.27297170408
5517.79371,0.000698658444450579,909566.601681359,263.388028374529,6063.7773445424
5517.80371,0.000700745715109782,910092.336620319,264.17491087481,6067.28224413546
5517.8137,0.000702843155021892,910618.150572493,264.965627093118,6070.78767048329
5517.8237,0.00070495076418691,911144.043537878,265.760177029453,6074.29362358585
5517.8337,0.000707068542604838,911670.015516477,266.558560683816,6077.80010344318
5517.8437,0.000709196490275674,912196.066508287,267.360778056207,6081.30711005525
5517.85369,0.000711334607199418,912722.19651331,268.166829146625,6084.81464342207
5517.86369,0.000713482893376069,913248.405531546,268.97671395507,6088.32270354364
5517.87369,0.00071564134880563,913774.693562995,269.790432481543,6091.83129041997
5517.88369,0.000717809973488099,914301.060607656,270.607984726044,6095.34040405104
5517.89368,0.000719988767423475,914827.506665529,271.429370688571,6098.85004443686
5517.90368,0.000722177730611761,915354.031736616,272.254590369127,6102.36021157744
5517.91368,0.000724376863052955,915880.635820916,273.08364376771,6105.87090547278
5517.92368,0.000726586164747056,916407.318918427,273.91653088432,6109.38212612285
5517.93367,0.000728805635694067,916934.081029152,274.753251718958,6112.89387352768
5517.94367,0.000731035275893985,917460.922153088,275.593806271624,6116.40614768726
5517.95367,0.000733275085346813,917987.842290239,276.438194542317,6119.91894860159
5517.96366,0.000735525064052548,918514.841440601,277.286416531038,6123.43227627068
5517.97366,0.000737785212011191,919041.919604175,278.138472237786,6126.9461306945
5517.98366,0.000740055529222744,919569.076780963,278.994361662561,6130.46051187309
5517.99366,0.000742336015687205,920096.312970963,279.854084805365,6133.97541980642
5518.00365,0.000744626671404573,920623.628174176,280.717641666195,6137.49085449451
5518.01365,0.00074692749637485,921151.022390602,281.585032245053,6141.00681593735
5518.02365,0.000749238490598035,921678.495620239,282.456256541939,6144.52330413492
5518.03365,0.00075155965407413,922206.04786309,283.331314556853,6148.04031908726
5518.04364,0.00075389098680313,922733.679119153,284.210206289793,6151.55786079436
5518.05364,0.000756232488785041,923261.389388429,285.092931740761,6155.07592925619
5518.06364,0.000758584160019859,923789.178670918,285.979490909757,6158.59452447278
5518.07364,0.000760946000507587,924317.046966618,286.869883796781,6162.11364644412
5518.08363,0.000763318010248222,924844.994275532,287.764110401831,6165.63329517021
5518.09363,0.000765700189241765,925373.020597658,288.662170724909,6169.15347065106
5518.10363,0.000768092537488217,925901.125932997,289.564064766015,6172.67417288665
5518.11363,0.000770495054987577,926429.31028155,290.469792525148,6176.195401877
5518.12362,0.000772907741739846,926957.573643314,291.379354002309,6179.71715762209
5518.13362,0.000775330597745023,927485.91601829,292.292749197498,6183.23944012193
5518.14362,0.000777763623003108,928014.337406479,293.209978110713,6186.76224937653
5518.15362,0.000780206817514101,928542.837807883,294.131040741957,6190.28558538589
5518.16361,0.000782660181278003,929071.417222497,295.055937091228,6193.80944814998
5518.17361,0.000785123714294813,929600.075650324,295.984667158526,6197.33383766883
5518.18361,0.000787597416564532,930128.813091365,296.917230943852,6200.85875394243
5518.1936,0.000790081288087159,930657.629545617,297.853628447206,6204.38419697078
5518.2036,0.000792575328862694,931186.525013083,298.793859668586,6207.91016675389
5518.2136,0.000795079538891137,931715.499493761,299.737924607995,6211.43666329174
5518.2236,0.000797593918172488,932244.552987651,300.68582326543,6214.96368658434
5518.23359,0.000800118466706751,932773.685494755,301.637555640895,6218.4912366317
5518.24359,0.000802653184493918,933302.897015071,302.593121734386,6222.01931343381
5518.25359,0.000805198071533996,933832.187548599,303.552521545904,6225.54791699066
5518.26359,0.000807753127826979,934361.55709534,304.51575507545,6229.07704730226
5518.27358,0.000810318353372873,934891.005655294,305.482822323024,6232.60670436863
5518.28358,0.000812893748171677,935420.533228461,306.453723288625,6236.13688818974
5518.29358,0.000815479312223385,935950.139814839,307.428457972253,6239.6675987656
5518.30358,0.000818075045528003,936479.825414432,308.407026373909,6243.19883609621
5518.31357,0.000820680948085531,937009.590027236,309.389428493593,6246.73060018157
5518.32357,0.000823297019895966,937539.433653252,310.375664331304,6250.26289102168
5518.33357,0.00082592326095931,938069.356292482,311.365733887043,6253.79570861655
5518.34357,0.000828559671275561,938599.357944924,312.359637160809,6257.32905296616
5518.35356,0.000831206250844721,939129.438610579,313.357374152603,6260.86292407053
5518.36356,0.00083386299966679,939659.598289447,314.358944862424,6264.39732192965
5518.37356,0.000836529917741766,940189.836981526,315.364349290272,6267.9322465435
5518.38356,0.000839207005069651,940720.154686819,316.373587436149,6271.46769791213
5518.39355,0.000841894261650445,941250.551405324,317.386659300053,6275.00367603549
5518.40355,0.000844591687484147,941781.027137043,318.403564881984,6278.54018091362
5518.41355,0.000847299282570755,942311.581881972,319.424304181942,6282.07721254648
5518.42355,0.000850017046910275,942842.215640116,320.448877199929,6285.61477093411
5518.43354,0.000852744980502702,943372.928411472,321.477283935943,6289.15285607648
5518.44354,0.000855483083348036,943903.72019604,322.509524389984,6292.6914679736
5518.45354,0.00085823135544628,944434.590993822,323.545598562053,6296.23060662548
5518.46353,0.000860989796797432,944965.540804815,324.58550645215,6299.7702720321
5518.47353,0.000863758407401492,945496.569629022,325.629248060274,6303.31046419348
5518.48353,0.000866537187258459,946027.677466442,326.676823386425,6306.85118310961
5518.49353,0.000869326136368336,946558.864317072,327.728232430603,6310.39242878048
5518.50352,0.000872125254731121,947090.130180917,328.78347519281,6313.93420120611
5518.51352,0.000874934542346815,947621.475057974,329.842551673044,6317.47650038649
5518.52352,0.000877753999215417,948152.898948242,330.905461871306,6321.01932632162
5518.53352,0.000880583625336926,948684.401851725,331.972205787594,6324.5626790115
5518.54351,0.000883423420711343,949215.98376842,333.042783421911,6328.10655845614
5518.55351,0.000886273385338672,949747.644698327,334.117194774255,6331.65096465552
5518.56351,0.000889133519218906,950279.384641447,335.195439844626,6335.19589760965
5518.57351,0.000892003822352049,950811.20359778,336.277518633025,6338.74135731853
5518.5835,0.000894884294738101,951343.101567325,337.363431139452,6342.28734378217
5518.5935,0.000897774936377061,951875.078550083,338.453177363906,6345.83385700056
5518.6035,0.000900675747268929,952407.134546054,339.546757306388,6349.38089697369
5518.6135,0.000903586727413706,952939.269555237,340.644170966897,6352.92846370158
5518.62349,0.00090650787681139,953471.483577633,341.745418345433,6356.47655718422
5518.63349,0.000909439195461984,954003.776613242,342.850499441998,6360.02517742161
5518.64349,0.000912380683365485,954536.148662063,343.959414256589,6363.57432441375
5518.65349,0.000915332340521896,955068.599724096,345.072162789209,6367.12399816064
5518.66348,0.000918294166931213,955601.129799343,346.188745039855,6370.67419866229
5518.67348,0.000921266162593439,956133.738887802,347.309161008529,6374.22492591868
5518.68348,0.000924248327508574,956666.426989473,348.433410695231,6377.77617992982
5518.69347,0.000927240661676617,957199.194104357,349.56149409996,6381.32796069571
5518.70347,0.00093024316509757,957732.040232454,350.693411222717,6384.88026821636
5518.71347,0.000933255837771429,958264.965373764,351.829162063501,6388.43310249176
5518.72347,0.000936278679698198,958797.969528286,352.968746622313,6391.98646352191
5518.73346,0.000939311690877875,959331.052696021,354.112164899153,6395.54035130681
5518.74346,0.000942354871310459,959864.214876969,355.259416894019,6399.09476584646
5518.75346,0.000945408220995952,960397.456071127,356.410502606913,6402.64970714085
5518.76346,0.000948471739934353,960930.7762785,357.565422037835,6406.20517519
5518.77345,0.000951545428125665,961464.175499086,358.724175186785,6409.76116999391
5518.78345,0.000954629285569883,961997.653732885,359.886762053762,6413.31769155257
5518.79345,0.000957723312267007,962531.210979894,361.053182638766,6416.87473986596
5518.80345,0.000960827508217043,963064.847240118,362.223436941798,6420.43231493412
5518.81344,0.000963941873419986,963598.562513554,363.397524962857,6423.99041675703
5518.82344,0.000967066407875837,964132.356800201,364.575446701944,6427.54904533467
5518.83344,0.000970201111584597,964666.230100063,365.757202159058,6431.10820066709
5518.84344,0.000973345984546265,965200.182413137,366.9427913342,6434.66788275424
5518.85343,0.000976501026760842,965734.213739423,368.13221422737,6438.22809159615
5518.86343,0.000979666238228327,966268.324078921,369.325470838567,6441.78882719281
5518.87343,0.000982841618948719,966802.513431633,370.522561167791,6445.35008954422
5518.88343,0.000986027168922021,967336.781797557,371.723485215044,6448.91187865038
5518.89342,0.00098922288814823,967871.129176694,372.928242980323,6452.47419451129
5518.90342,0.000992428776627349,968405.555569044,374.13683446363,6456.03703712696
5518.91342,0.000995644834359376,968940.060974606,375.349259664965,6459.60040649737
5518.92341,0.000998871061344309,969474.645393381,376.565518584327,6463.16430262254
5518.93341,0.00100210745758215,970009.308825368,377.785611221716,6466.72872550245
5518.94341,0.0010053540230729,970544.051270568,379.009537577134,6470.29367513712
5518.95341,0.00100861075781656,971078.87272898,380.237297650578,6473.85915152653
5518.9634,0.00101187766181313,971613.773200606,381.46889144205,6477.42515467071
5518.9734,0.00101515473506261,972148.752685444,382.70431895155,6480.99168456963
5518.9834,0.00101844197756499,972683.811183495,383.943580179077,6484.5587412233
5518.9934,0.00102173938932029,973218.948694757,385.186675124632,6488.12632463171
5519.00339,0.00102504697032849,973754.165219232,386.433603788214,6491.69443479488
5519.01339,0.0010283647205896,974289.460756922,387.684366169824,6495.26307171281
5519.02339,0.00103169264010361,974824.835307823,388.938962269461,6498.83223538548
5519.03339,0.00103503072887054,975360.288871936,390.197392087126,6502.40192581291
5519.04338,0.00103837898689038,975895.821449263,391.459655622818,6505.97214299509
5519.05338,0.00104173741416312,976431.433039802,392.725752876538,6509.54288693201
5519.06338,0.00104510601068877,976967.123643553,393.995683848285,6513.11415762369
5519.07338,0.00104848477646733,977502.893260518,395.26944853806,6516.68595507012
5519.08337,0.0010518737114988,978038.741890694,396.547046945863,6520.25827927129
5519.09337,0.00105527281578317,978574.669534083,397.828479071692,6523.83113022722
5519.10337,0.00105868208932046,979110.676190686,399.113744915549,6527.40450793791
5519.11337,0.00106210153211065,979646.7618605,400.402844477434,6530.97841240333
5519.12336,0.00106553114415375,980182.926543528,401.695777757347,6534.55284362352
5519.13336,0.00106897092544976,980719.170239768,402.992544755287,6538.12780159845
5519.14336,0.00107242087599868,981255.492949221,404.293145471254,6541.70328632814
5519.15336,0.00107588099580051,981791.894671885,405.59757990525,6545.27929781257
5519.16335,0.00107935128485524,982328.375407763,406.905848057271,6548.85583605175
5519.17335,0.00108283174316288,982864.935156854,408.217949927321,6552.4329010457
5519.18335,0.00108632237072343,983401.573919157,409.533885515399,6556.01049279438
5519.19334,0.00108982316753689,983938.291694673,410.853654821504,6559.58861129782
5519.20334,0.00109333413360326,984475.088483402,412.177257845636,6563.16725655601
5519.21334,0.00109685526892254,985011.964285342,413.504694587797,6566.74642856895
5519.22334,0.00110038657349472,985548.919100496,414.835965047984,6570.32612733664
5519.23333,0.00110392804731982,986085.952928862,416.1710692262,6573.90635285908
5519.24333,0.00110747969039782,986623.065770441,417.510007122442,6577.48710513627
5519.25333,0.00111104150272873,987160.257625232,418.852778736712,6581.06838416821
5519.26333,0.00111461348431254,987697.528493237,420.199384069009,6584.65018995491
5519.27332,0.00111819563514927,988234.878374453,421.549823119335,6588.23252249635
5519.28332,0.0011217879552389,988772.307268883,422.904095887687,6591.81538179255
5519.29332,0.00112539044458145,989309.815176525,424.262202374068,6595.3987678435
5519.30332,0.0011290031031769,989847.40209738,425.624142578475,6598.9826806492
5519.31331,0.00113262593102526,990385.068031447,426.98991650091,6602.56712020965
5519.32331,0.00113625892812653,990922.812978727,428.359524141373,6606.15208652484
5519.33331,0.0011399020944807,991460.636939219,429.732965499863,6609.73757959479
5519.34331,0.00114355543008779,991998.539912924,431.110240576381,6613.3235994195
5519.3533,0.00114721893494778,992536.521899842,432.491349370926,6616.91014599895
5519.3633,0.00115089260906068,993074.582899972,433.876291883499,6620.49721933315
5519.3733,0.00115457645242649,993612.722913316,435.265068114099,6624.08481942211
5519.3833,0.00115827046504521,994150.941939872,436.657678062727,6627.67294626581
5519.39329,0.00116197464691683,994689.23997964,438.054121729382,6631.26159986427
5519.40329,0.00116568899804137,995227.617032619,439.454399114066,6634.85078021746
5519.41329,0.00116941351841881,995766.073098814,440.858510216776,6638.44048732543
5519.42328,0.00117314820804916,996304.60817822,442.266455037514,6642.03072118814
5519.43328,0.00117689306693242,996843.222270839,443.678233576279,6645.62148180559
5519.44328,0.00118064809506859,997381.915376671,445.093845833072,6649.21276917781
5519.45328,0.00118441329245766,997920.687495716,446.513291807892,6652.80458330478
5519.46327,0.00118818865909965,998459.538627972,447.93657150074,6656.39692418648
5519.47327,0.00119197419499454,998998.468773441,449.363684911615,6659.98979182294
5519.48327,0.00119576990014234,999537.477932123,450.794632040518,6663.58318621415
5519.49327,0.00119957577454305,1000076.56610402,452.229412887448,6667.17710736012
5519.50326,0.00120339181819667,1000615.73328912,453.668027452407,6670.77155526083
5519.51326,0.0012072180311032,1001154.97948744,455.110475735392,6674.3665299163
5519.52326,0.00121105441326263,1001694.30469898,456.556757736405,6677.96203132651
5519.53326,0.00121490096467497,1002233.70892372,458.006873455446,6681.55805949148
5519.54325,0.00121875768534023,1002773.19216168,459.460822892514,6685.15461441121
5519.55325,0.00122262457525838,1003312.75441285,460.91860604761,6688.75169608568
5519.56325,0.00122650163442945,1003852.39567724,462.380222920733,6692.3493045149
5519.57325,0.00123038886285343,1004392.11595483,463.845673511883,6695.94743969887
5519.58324,0.00123428626053031,1004931.91524564,465.314957821061,6699.54610163759
5519.59324,0.0012381938274601,1005471.79354966,466.788075848267,6703.14529033106
5519.60324,0.0012421115636428,1006011.75086689,468.2650275935,6706.74500577929
5519.61324,0.00124603946907842,1006551.78719734,469.745813056761,6710.34524798226
5519.62323,0.00124997754376693,1007091.902541,471.230432238049,6713.94601693999
5519.63323,0.00125392578770836,1007632.09689787,472.718885137365,6717.54731265246
5519.64323,0.00125788420090269,1008172.37026795,474.211171754708,6721.14913511969
5519.65322,0.00126185278334994,1008712.72265125,475.707292090079,6724.75148434166
5519.66322,0.00126583153505009,1009253.15404776,477.207246143477,6728.35436031839
5519.67322,0.00126982045600315,1009793.66445748,478.711033914903,6731.95776304988
5519.68322,0.00127381954620911,1010334.25388042,480.218655404356,6735.56169253611
5519.69321,0.00127782880566799,1010874.92231656,481.730110611836,6739.16614877709
5519.70321,0.00128184823437977,1011415.66976592,483.245399537345,6742.77113177282
5519.71321,0.00128587783234447,1011956.49622849,484.764522180881,6746.3766415233
5519.72321,0.00128991759956207,1012497.40170428,486.287478542444,6749.98267802854
5519.7332,0.00129396753603258,1013038.38619328,487.814268622035,6753.58924128853
5519.7432,0.00129802764175599,1013579.44969549,489.344892419653,6757.19633130326
5519.7532,0.00130209791673232,1014120.59221091,490.879349935299,6760.80394807275
5519.7632,0.00130617836096155,1014661.81373955,492.417641168973,6764.41209159698
5519.77319,0.0013102689744437,1015203.1142814,493.959766120673,6768.02076187597
5519.78319,0.00131436975717875,1015744.49383646,495.505724790402,6771.62995890972
5519.79319,0.00131848070916671,1016285.95240473,497.055517178158,6775.2396826982
5519.80319,0.00132260183040757,1016827.48998622,498.609143283941,6778.84993324144
5519.81318,0.00132673312090135,1017369.10658091,500.166603107752,6782.46071053943
5519.82318,0.00133087458064803,1017910.80218883,501.727896649591,6786.07201459218
5519.83318,0.00133502620964762,1018452.57680995,503.293023909456,6789.68384539967
5519.84318,0.00133918800790013,1018994.43044429,504.861984887351,6793.29620296192
5519.85317,0.00134335997540554,1019536.36309184,506.434779583271,6796.90908727891
5519.86317,0.00134754211216385,1020078.3747526,508.01140799722,6800.52249835066
5519.87317,0.00135173441817508,1020620.46542657,509.591870129196,6804.13643617716
5519.88317,0.00135593689343921,1021162.63511376,511.176165979199,6807.7509007584
5519.89316,0.00136014953795625,1021704.88381416,512.76429554723,6811.36589209441
5519.90316,0.00136437235172621,1022247.21152777,514.356258833289,6814.98141018515
5519.91316,0.00136860533474906,1022789.6182546,515.952055837375,6818.59745503065
5519.92315,0.00137284848702483,1023332.10399464,517.551686559489,6822.2140266309
5519.93315,0.00137710180855351,1023874.66874789,519.15515099963,6825.83112498591
5519.94315,0.00138136529933509,1024417.31251435,520.762449157799,6829.44875009567
5519.95315,0.00138563895936958,1024960.03529403,522.373581033995,6833.06690196017
5519.96314,0.00138992278865698,1025502.83708691,523.988546628219,6836.68558057942
5519.97314,0.0013942167871973,1026045.71789301,525.607345940471,6840.30478595343
5519.98314,0.00139852095499051,1026588.67771233,527.229978970749,6843.92451808219
5519.99314,0.00140283529203664,1027131.71654485,528.856445719055,6847.54477696569
5520.00313,0.00140715979833567,1027674.83439059,530.486746185389,6851.16556260395
5520.01313,0.00141044409776401,1028052.61142349,531.72489790014,6853.68407615657
5520.02313,0.00141478652153332,1028596.44212902,533.361953093632,6857.30961419348
5520.03313,0.00141913916534463,1029140.35986901,535.002861152188,6860.93573246009
5520.04312,0.00142350202919794,1029684.36464346,536.64762207581,6864.56243095641
5520.05312,0.00142787511309326,1030228.45645237,538.296235864498,6868.18970968244
5520.06312,0.00143225841703059,1030772.63529573,539.948702518252,6871.81756863818
5520.07312,0.00143665194100992,1031316.90117354,541.605022037072,6875.44600782362
5520.08311,0.00144105568503125,1031861.25408582,543.265194420958,6879.07502723879
5520.09311,0.00144546964909459,1032405.69403255,544.92921966991,6882.70462688366
5520.10311,0.00144989383319994,1032950.22101374,546.597097783927,6886.33480675824
5520.11311,0.00145432823734728,1033494.83502938,548.26882876301,6889.96556686254
5520.1231,0.00145877286153664,1034039.53607948,549.944412607159,6893.59690719654
5520.1331,0.001463227705768,1034584.32416404,551.623849316374,6897.22882776025
5520.1431,0.00146769277004136,1035129.19928305,553.307138890655,6900.86132855368
5520.15309,0.00147216805435673,1035674.16143652,554.994281330002,6904.49440957681
5520.16309,0.0014766535587141,1036219.21062445,556.685276634414,6908.12807082966
5520.17309,0.00148114928311348,1036764.34684683,558.380124803893,6911.76231231222
5520.18309,0.00148565522755487,1037309.57010367,560.078825838437,6915.39713402449
5520.19308,0.00149017139203826,1037854.88039497,561.781379738047,6919.03253596646
5520.20308,0.00149469777656365,1038400.27772072,563.487786502723,6922.66851813815
5520.21308,0.00149923438113105,1038945.76208093,565.198046132465,6926.30508053955
5520.22308,0.00150378120574045,1039491.3334756,566.912158627273,6929.94222317066
5520.23307,0.00150833825039186,1040036.99190472,568.630123987146,6933.57994603147
5520.24307,0.00151290551508527,1040582.7373683,570.351942212085,6937.218249122
5520.25307,0.00151748299982069,1041128.56986634,572.077613302091,6940.85713244225
5520.26307,0.00152207070459812,1041674.48939883,573.807137257162,6944.4965959922
5520.27306,0.00152666862941754,1042220.49596578,575.540514077299,6948.13663977186
5520.28306,0.00153127677427898,1042766.58956718,577.277743762502,6951.77726378123
5520.29306,0.00153589513918242,1043312.77020305,579.01882631277,6955.41846802032
5520.30306,0.00154052372412786,1043859.03787337,580.763761728105,6959.06025248911
5520.31305,0.00154516252911531,1044405.39257814,582.512550008505,6962.70261718761
5520.32305,0.00154981155414476,1044951.83431737,584.265191153972,6966.34556211583
5520.33305,0.00155447079921622,1045498.36309106,586.021685164504,6969.98908727376
5520.34305,0.00155914026432968,1046044.97889921,587.782032040102,6973.63319266139
5520.35304,0.00156381994948515,1046591.68174181,589.546231780766,6977.27787827873
5520.36304,0.00156850985468263,1047138.47161887,591.314284386496,6980.92314412579
5520.37304,0.0015732099799221,1047685.34853038,593.086189857291,6984.56899020257
5520.38303,0.00157792032520359,1048232.31247636,594.861948193152,6988.21541650904
5520.39303,0.00158264089052707,1048779.36345678,596.64155939408,6991.86242304523
5520.40303,0.00158737167589257,1049326.50147167,598.425023460073,6995.51000981113
5520.41303,0.00159211268130006,1049873.72652101,600.212340391131,6999.15817680673
5520.42302,0.00159686390674957,1050421.03860481,602.003510187257,7002.80692403206
5520.43302,0.00160162535224108,1050968.43772306,603.798532848447,7006.45625148709
5520.44302,0.00160639701777459,1051515.92387577,605.597408374704,7010.10615917183
5520.45302,0.00161117890335011,1052063.49706294,607.400136766026,7013.75664708628
5520.46301,0.00161597100896763,1052611.15728457,609.206718022414,7017.40771523045
5520.47301,0.00162077333462716,1053158.90454065,611.017152143869,7021.05936360431
5520.48301,0.00162558588032869,1053706.73883118,612.831439130389,7024.7115922079
5520.49301,0.00163040864607223,1054254.66015618,614.649578981975,7028.36440104119
5520.503,0.00163524163185777,1054802.66851563,616.471571698626,7032.0177901042
5520.513,0.00164008483768532,1055350.76390954,618.297417280344,7035.67175939691
5520.523,0.00164493826355487,1055898.9463379,620.127115727128,7039.32630891934
5520.533,0.00164980190946643,1056447.21580072,621.960667038977,7042.98143867148
5520.54299,0.00165467577541999,1056995.572298,623.798071215892,7046.63714865333
5520.55299,0.00165955986141556,1057544.01582973,625.639328257873,7050.29343886488
5520.56299,0.00166445416745313,1058092.54639592,627.48443816492,7053.95030930615
5520.57299,0.0016693586935327,1058641.16399657,629.333400937032,7057.60775997713
5520.58298,0.00167427343965429,1059189.86863167,631.186216574211,7061.26579087782
5520.59298,0.00167919840581788,1059738.66030123,633.042885076456,7064.92440200822
5520.60298,0.00168413359202347,1060287.53900525,634.903406443766,7068.58359336833
5520.61298,0.00168907899827106,1060836.50474372,636.767780676142,7072.24336495815
5520.62297,0.00169403462456067,1061385.55751665,638.636007773584,7075.90371677768
5520.63297,0.00169900047089227,1061934.69732404,640.508087736091,7079.56464882693
5520.64297,0.00170397653726589,1062483.92416588,642.384020563666,7083.22616110588
5520.65296,0.0017089628236815,1063033.23804218,644.263806256305,7086.88825361454
5520.66296,0.00171395933013912,1063582.63895294,646.14744481401,7090.55092635292
5520.67296,0.00171896605663875,1064132.12689815,648.034936236782,7094.214179321
5520.68296,0.00172398300318038,1064681.70187782,649.926280524619,7097.8780125188
5520.69295,0.00172901016976402,1065231.36389194,651.821477677522,7101.5424259463
5520.70295,0.00173404755638966,1065781.11294053,653.720527695491,7105.20741960352
5520.71295,0.00173909516305731,1066330.94902357,655.623430578526,7108.87299349044
5520.72295,0.00174415298976696,1066880.87214106,657.530186326627,7112.53914760709
5520.73294,0.00174922103651862,1067430.88229301,659.440794939793,7116.20588195343
5520.74294,0.00175429930331228,1067980.97947942,661.355256418025,7119.87319652948
5520.75294,0.00175938779014794,1068531.16370029,663.273570761323,7123.54109133526
5520.76294,0.00176448649702562,1069081.43495561,665.195737969688,7127.20956637074
5520.77293,0.00176959542394529,1069631.79324539,667.121758043118,7130.87862163592
5520.78293,0.00177471457090697,1070182.23856962,669.051630981613,7134.54825713082
5520.79293,0.00177984393791066,1070732.77092832,670.985356785176,7138.21847285544
5520.80293,0.00178498352495635,1071283.39032146,672.922935453803,7141.88926880975
5520.81292,0.00179013333204405,1071834.09674907,674.864366987496,7145.56064499379
5520.82292,0.00179529335917375,1072384.89021113,676.809651386255,7149.23260140753
5520.83292,0.00180046360634545,1072935.77070765,678.75878865008,7152.90513805099
5520.84292,0.00180564407355917,1073486.73823862,680.711778778971,7156.57825492415
5520.85291,0.00181083476081488,1074037.79280405,682.668621772928,7160.25195202702
5520.86291,0.0018160356681126,1074588.93440394,684.62931763195,7163.92622935962
5520.87291,0.00182124679545233,1075140.16303829,686.593866356038,7167.60108692191
5520.8829,0.00182646814283406,1075691.47870709,688.562267945193,7171.27652471392
5520.8929,0.00183169971025779,1076242.88141034,690.534522399413,7174.95254273563
5520.9029,0.00183694149772354,1076794.37114806,692.510629718699,7178.62914098706
5520.9129,0.00184219350523128,1077345.94792023,694.490589903051,7182.30631946819
5520.92289,0.00184745573278103,1077897.61172686,696.474402952469,7185.98407817905
5520.93289,0.00185272818037279,1078449.36256794,698.462068866952,7189.66241711961
5520.94289,0.00185801084800655,1079001.20044348,700.453587646502,7193.34133628987
5520.95289,0.00186330373568232,1079553.12535348,702.448959291118,7197.02083568986
5520.96288,0.00186860684340009,1080105.13729793,704.448183800798,7200.70091531955
5520.97288,0.00187392017115986,1080657.23627684,706.451261175545,7204.38157517895
5520.98288,0.00187924371896164,1081209.42229021,708.458191415359,7208.06281526806
5520.99288,0.00188457748680543,1081761.69533803,710.468974520237,7211.74463558688
5521.00287,0.00188992147469122,1082314.05542031,712.483610490182,7215.42703613541
5521.01287,0.00189527568261901,1082866.50253705,714.502099325192,7219.11001691366
5521.02287,0.00190064011058881,1083419.03668824,716.524441025268,7222.79357792161
5521.03287,0.00190601475860062,1083971.65787389,718.550635590411,7226.47771915928
5521.04286,0.00191139962665443,1084524.366094,720.580683020619,7230.16244062665
5521.05286,0.00191679471475024,1085077.16134856,722.614583315893,7233.84774232374
5521.06286,0.00192220002288806,1085630.04363758,724.652336476233,7237.53362425054
5521.07286,0.00192761555106789,1086183.01296106,726.693942501639,7241.22008640704
5521.08285,0.00193304129928972,1086736.06931899,728.73940139211,7244.90712879326
5521.09285,0.00193847726755356,1087289.21271138,730.788713147648,7248.59475140919
5521.10285,0.00194392345585939,1087842.44313822,732.841877768251,7252.28295425482
5521.11284,0.00194937986420724,1088395.76059953,734.898895253919,7255.97173733017
5521.12284,0.00195484649259709,1088949.16509529,736.959765604655,7259.66110063524
5521.13284,0.00196032334102895,1089502.6566255,739.024488820456,7263.35104417001
5521.14284,0.0019658104095028,1090056.23519017,741.093064901322,7267.04156793449
5521.15283,0.00197130769801867,1090609.9007893,743.165493847254,7270.73267192868
5521.16283,0.00197681520657654,1091163.65342289,745.241775658253,7274.42435615258
5521.17283,0.00198233293517641,1091717.49309093,747.321910334317,7278.11662060619
5521.18283,0.00198786088381829,1092271.41979343,749.405897875448,7281.80946528951
5521.19282,0.00199339905250218,1092825.43353038,751.493738281643,7285.50289020256
5521.20282,0.00199894744122807,1093379.5343018,753.585431552905,7289.1968953453
5521.21282,0.00200450604999596,1093933.72210766,755.680977689233,7292.89148071775
5521.22282,0.00201007487880586,1094487.99694799,757.780376690627,7296.58664631992
5521.23281,0.00201565392765777,1095042.35882277,759.883628557086,7300.28239215179
5521.24281,0.00202124319655167,1095596.80773201,761.990733288611,7303.97871821338
5521.25281,0.00202684268548759,1096151.3436757,764.101690885202,7307.67562450468
5521.26281,0.00203245239446551,1096705.96665385,766.216501346859,7311.37311102568
5521.2728,0.00203807232348543,1097260.67666646,768.335164673582,7315.0711777764
5521.2828,0.00204370247254736,1097815.47371353,770.45768086537,7318.76982475684
5521.2928,0.00204934284165129,1098370.35779505,772.584049922224,7322.46905196697
5521.3028,0.00205499343079723,1098925.32891102,774.714271844145,7326.16885940682
5521.31279,0.00206065423998518,1099480.38706146,776.848346631131,7329.86924707639
5521.32279,0.00206632526921513,1100035.53224635,778.986274283184,7333.57021497565
5521.33279,0.00207200651848708,1100590.76446569,781.128054800301,7337.27176310463
5521.34279,0.00207769798780104,1101146.0837195,783.273688182485,7340.97389146333
5521.35278,0.00208339967715701,1101701.49000776,785.423174429736,7344.67660005173
5521.36278,0.00208911158655498,1102256.98333048,787.576513542051,7348.37988886985
5521.37278,0.00209483371599495,1102812.56368765,789.733705519432,7352.08375791767
5521.38277,0.00210056606547693,1103368.23107928,791.894750361879,7355.7882071952
5521.39277,0.00210630863500091,1103923.98550537,794.059648069393,7359.49323670245
5521.40277,0.0021120614245669,1104479.82696591,796.228398641972,7363.19884643941
5521.41277,0.00211782443417489,1105035.75546091,798.401002079617,7366.90503640607
5521.42276,0.00212359766382489,1105591.77099037,800.577458382327,7370.61180660244
5521.43276,0.0021293811135169,1106147.87355428,802.757767550104,7374.31915702853
5521.44276,0.0021351747832509,1106704.06315265,804.941929582946,7378.02708768433
5521.45276,0.00214097867302692,1107260.33978548,807.129944480855,7381.73559856984
5521.46275,0.00214679278284494,1107816.70345276,809.321812243829,7385.44468968506
5521.47275,0.00215261711270496,1108373.1541545,811.517532871868,7389.15436103
5521.48275,0.00215845166260699,1108929.69189069,813.717106364975,7392.86461260463
5521.49275,0.00216429643255102,1109486.31666135,815.920532723146,7396.57544440898
5521.50274,0.00217015142253706,1110043.02846646,818.127811946384,7400.28685644304
5521.51274,0.0021760166325651,1110599.82730602,820.338944034687,7403.99884870681
5521.52274,0.00218189206263515,1111156.71318004,822.553928988057,7407.7114212003
5521.53274,0.0021877777127472,1111713.68608852,824.772766806492,7411.42457392349
5521.54273,0.00219367358290126,1112270.74603146,826.995457489993,7415.13830687639
5521.55273,0.00219957967309732,1112827.89300885,829.222001038559,7418.85262005901
5521.56273,0.00220549598333539,1113385.1270207,831.452397452191,7422.56751347132
5521.57273,0.00221142251361546,1113942.44806701,833.68664673089,7426.28298711337
5521.58272,0.00221735926393755,1114499.85614777,835.924748874656,7429.99904098512
5521.59272,0.00222330623430163,1115057.35126299,838.166703883485,7433.71567508658
5521.60272,0.00222926342470771,1115614.93341266,840.412511757381,7437.43288941774
5521.61271,0.00223523083515581,1116172.60259679,842.662172496344,7441.15068397861
5521.62271,0.0022412084656459,1116730.35881538,844.915686100371,7444.86905876921
5521.63271,0.00224719631617801,1117288.20206843,847.173052569465,7448.5880137895
5521.64271,0.00225319438675211,1117846.13235593,849.434271903624,7452.3075490395
5521.6527,0.00225920267736823,1118404.14967788,851.699344102849,7456.02766451923
5521.6627,0.00226522118802634,1118962.2540343,853.96826916714,7459.74836022866
5521.6727,0.00227124991872647,1119520.44542517,856.241047096498,7463.46963616781
5521.6827,0.00227728886946859,1120078.7238505,858.517677890921,7467.19149233665
5521.69269,0.00228333804025273,1120637.08931028,860.79816155041,7470.91392873521
5521.70269,0.00228939743107887,1121195.54180452,863.082498074966,7474.63694536349
5521.71269,0.00229546704194701,1121754.08133322,865.370687464585,7478.36054222147
5521.72269,0.00230154687285716,1122312.70789637,867.662729719272,7482.08471930916
5521.73268,0.00230763692380931,1122871.42149399,869.958624839024,7485.80947662657
5521.74268,0.00231373719480347,1123430.22212605,872.258372823843,7489.53481417369
5521.75268,0.00231984768583963,1123989.10979258,874.561973673726,7493.26073195051
5521.76268,0.00232596839691779,1124548.08449356,876.869427388676,7496.98722995704
5521.77267,0.00233209932803797,1125107.14622899,879.180733968692,7500.71430819329
5521.78267,0.00233824047920014,1125666.29499889,881.495893413774,7504.44196665925
5521.79267,0.00234439185040432,1126225.53080324,883.814905723921,7508.17020535492
5521.80267,0.00235055344165051,1126784.85364204,886.137770899134,7511.8990242803
5521.81266,0.00235672525293871,1127344.26351531,888.464488939414,7515.62842343538
5521.82266,0.0023629072842689,1127903.76042303,890.79505984476,7519.35840282018
5521.83266,0.0023690995356411,1128463.3443652,893.129483615169,7523.0889624347
5521.84266,0.00237530200705531,1129023.01534184,895.467760250646,7526.82010227891
5521.85265,0.00238151469851152,1129582.77335293,897.809889751189,7530.55182235285
5521.86265,0.00238773761000974,1130142.61839847,900.155872116797,7534.28412265649
5521.87265,0.00239397074154996,1130702.55047848,902.505707347471,7538.01700318984
5521.88264,0.00240021409313219,1131262.56959294,904.859395443212,7541.75046395291
5521.89264,0.00240646766475642,1131822.67574185,907.216936404019,7545.48450494568
5521.90264,0.00241273145642266,1132382.86892522,909.57833022989,7549.21912616816
5521.91264,0.0024190054681309,1132943.14914305,911.943576920827,7552.95432762035
5521.92263,0.00242528969988114,1133503.51639534,914.312676476832,7556.69010930226
5521.93263,0.00243158415167339,1134063.97068208,916.6856288979,7560.42647121388
5521.94263,0.00243788882350765,1134624.51200328,919.062434184036,7564.16341335519
5521.95263,0.00244420371538391,1135185.14035894,921.443092335237,7567.90093572624
5521.96262,0.00245052882730218,1135745.85574905,923.827603351504,7571.63903832698
5521.97262,0.00245686415926245,1136306.65817362,926.215967232836,7575.37772115745
5521.98262,0.00246320971126473,1136867.54763264,928.608183979236,7579.11698421761
5521.99262,0.00246956548330901,1137428.52412612,931.0042535907,7582.85682750749
5522.00261,0.00247593147539529,1137989.58765406,933.404176067231,7586.59725102708
5522.01261,0.00248230768752358,1138550.73821646,935.807951408826,7590.33825477638
5522.02261,0.00248869411969388,1139111.97581331,938.21557961549,7594.0798387554
5522.03261,0.00249509077190618,1139673.30044462,940.627060687218,7597.82200296411
5522.0426,0.00250149764416049,1140234.71211038,943.042394624012,7601.56474740255
5522.0526,0.0025079147364568,1140796.2108106,945.461581425871,7605.30807207068
5522.0626,0.00251434204879511,1141357.79654528,947.884621092797,7609.05197696854
5522.0726,0.00252077958117543,1141919.46931442,950.311513624788,7612.7964620961
5522.08259,0.00252722733359776,1142481.22911801,952.742259021846,7616.54152745338
5522.09259,0.00253368530606209,1143043.07595605,955.176857283969,7620.28717304037
5522.10259,0.00254015349856843,1143605.00982856,957.615308411157,7624.03339885706
5522.11258,0.00254663191111677,1144167.03073552,960.057612403413,7627.78020490347
5522.12258,0.00255312054370711,1144729.13867694,962.503769260733,7631.52759117958
5522.13258,0.00255961939633947,1145291.33365281,964.953778983121,7635.27555768541
5522.14258,0.00256612846901382,1145853.61566314,967.407641570574,7639.02410442094
5522.15257,0.00257264776173018,1146415.98470793,969.865357023092,7642.7732313862
5522.16257,0.00257917727448855,1146978.44078717,972.326925340676,7646.52293858116
5522.17257,0.00258571700728892,1147540.98390087,974.792346523325,7650.27322600582
5522.18257,0.00259226696013129,1148103.61404903,977.261620571042,7654.0240936602
5522.19256,0.00259882713301568,1148666.33123164,979.734747483824,7657.77554154429
5522.20256,0.00260539752594206,1149229.13544871,982.211727261671,7661.5275696581
5522.21256,0.00261197813891045,1149792.02670024,984.692559904585,7665.2801780016
5522.22256,0.00261856897192084,1150355.00498622,987.177245412564,7669.03336657483
5522.23255,0.00262517002497325,1150918.07030666,989.66578378561,7672.78713537776
5522.24255,0.00263178129806765,1151481.22266156,992.158175023721,7676.5414844104
5522.25255,0.00263840279120406,1152044.46205091,994.654419126896,7680.29641367275
5522.26255,0.00264503450438248,1152607.78847472,997.154516095141,7684.05192316482
5522.27254,0.0026516764376029,1153171.20193299,999.658465928449,7687.80801288659
5522.28254,0.00265832859086532,1153734.70242571,1002.16626862682,7691.56468283808
5522.29254,0.00266499096416975,1154298.28995289,1004.67792419026,7695.32193301928
5522.30254,0.00267166355751618,1154861.96451453,1007.19343261877,7699.07976343019
5522.31253,0.00267834637090462,1155425.72611062,1009.71279391234,7702.83817407079
5522.32253,0.00268503940433507,1155989.57474117,1012.23600807098,7706.59716494112
5522.33253,0.00269174265780752,1156553.51040617,1014.76307509468,7710.35673604116
5522.34252,0.00269845613132197,1157117.53310564,1017.29399498345,7714.11688737092
5522.35252,0.00270517982487844,1157681.64283956,1019.82876773729,7717.87761893037
5522.36252,0.0027119137384769,1158245.83960793,1022.36739335619,7721.63893071954
5522.37252,0.00271865787211737,1158810.12341076,1024.90987184016,7725.40082273842
5522.38251,0.00272541222579984,1159374.49424805,1027.45620318919,7729.16329498701
5522.39251,0.00273217679952432,1159938.9521198,1030.00638740329,7732.92634746532
5522.40251,0.00273895159329081,1160503.497026,1032.56042448246,7736.68998017333
5522.41251,0.0027457366070993,1161068.12896666,1035.11831442669,7740.45419311104
5522.4225,0.00275253184094979,1161632.84794177,1037.68005723598,7744.21898627849
5522.4325,0.00275933729484229,1162197.65395134,1040.24565291034,7747.98435967562
5522.4425,0.00276615296877679,1162762.54699537,1042.81510144977,7751.75031330248
5522.4525,0.0027729788627533,1163327.52707386,1045.38840285427,7755.51684715905
5522.46249,0.00277981497677182,1163892.5941868,1047.96555712383,7759.28396124532
5522.47249,0.00278666131083233,1164457.7483342,1050.54656425845,7763.05165556131
5522.48249,0.00279351786493486,1165022.98951605,1053.13142425814,7766.81993010701
5522.49249,0.00280038463907939,1165588.31773236,1055.7201371229,7770.58878488241
5522.50248,0.00280726163326592,1166153.73298313,1058.31270285272,7774.35821988753
5522.51248,0.00281414884749446,1166719.23526835,1060.90912144761,7778.12823512236
5522.52248,0.002821046281765,1167284.82458803,1063.50939290757,7781.8988305869
5522.53248,0.00282795393607756,1167850.50094217,1066.11351723259,7785.67000628116
5522.54247,0.00283487181043211,1168416.26433077,1068.72149442268,7789.4417622051
5522.55247,0.00284179990482867,1168982.11475382,1071.33332447783,7793.21409835878
5522.56247,0.00284873821926723,1169548.05221132,1073.94900739805,7796.98701474215
5522.57247,0.0028556867537478,1170114.07670329,1076.56854318333,7800.76051135525
5522.58246,0.00286264550827038,1170680.18822971,1079.19193183368,7804.53458819805
5522.59246,0.00286961448283495,1171246.38679059,1081.8191733491,7808.30924527057
5522.60246,0.00287659367744153,1171812.67238592,1084.45026772958,7812.0844825728
5522.61245,0.00288358309209012,1172379.04501571,1087.08521497513,7815.86030010472
5522.62245,0.00289058272678072,1172945.50467996,1089.72401508574,7819.63669786637
5522.63245,0.00289759258151332,1173512.05137866,1092.36666806142,7823.41367585772
5522.64245,0.00290461265628792,1174078.68511182,1095.01317390217,7827.19123407879
5522.65244,0.00291164295110453,1174645.40587943,1097.66353260798,7830.96937252956
5522.66244,0.00291868346596314,1175212.21368151,1100.31774417886,7834.74809121006
5522.67244,0.00292573420086376,1175779.10851804,1102.9758086148,7838.52739012025
5522.68244,0.00293279515580638,1176346.09038902,1105.63772591581,7842.30726926015
5522.69243,0.00293986633079101,1176913.15929447,1108.30349608188,7846.08772862977
5522.70243,0.00294694772581765,1177480.31523437,1110.97311911302,7849.86876822911
5522.71243,0.00295403934088628,1178047.55820872,1113.64659500923,7853.65038805815
5522.72243,0.00296114117599693,1178614.88821753,1116.3239237705,7857.43258811689
5522.73242,0.00296825323114958,1179182.3052608,1119.00510539684,7861.21536840535
5522.74242,0.00297537550634423,1179749.80933853,1121.69013988824,7864.99872892352
5522.75242,0.00298250800158089,1180317.40045071,1124.37902724472,7868.7826696714
5522.76242,0.00298965071685955,1180885.07859735,1127.07176746625,7872.567190649
5522.77241,0.00299680365218021,1181452.84377845,1129.76836055285,7876.3522918563
5522.78241,0.00300396680754289,1182020.695994,1132.46880650452,7880.13797329332
5522.79241,0.00301114018294757,1182588.63524401,1135.17310532125,7883.92423496005
5522.80241,0.00301832377839425,1183156.66152847,1137.88125700305,7887.71107685646
5522.8124,0.00302551759388294,1183724.77484739,1140.59326154992,7891.49849898262
5522.8224,0.00303272162941363,1184292.97520077,1143.30911896185,7895.28650133848
5522.8324,0.00303993588498632,1184861.26258861,1146.02882923884,7899.07508392404
5522.84239,0.00304716036060103,1185429.6370109,1148.75239238091,7902.86424673934
5522.85239,0.00305439505625774,1185998.09846765,1151.47980838804,7906.65398978431
5522.86239,0.00306163997195645,1186566.64695885,1154.21107726023,7910.44431305901
5522.87239,0.00306889510769717,1187135.28248451,1156.94619899749,7914.23521656341
5522.88238,0.00307616046347989,1187704.00504463,1159.68517359982,7918.02670029754
5522.89238,0.00308343603930462,1188272.81463921,1162.42800106721,7921.81876426137
5522.90238,0.00309072183517135,1188841.71126823,1165.17468139967,7925.6114084549
5522.91238,0.00309801785108009,1189410.69493172,1167.92521459719,7929.40463287815
5522.92237,0.00310532408703083,1189979.76562967,1170.67960065978,7933.19843753112
5522.93237,0.00311264054302358,1190548.92336207,1173.43783958743,7936.99282241379
5522.94237,0.00311996721905833,1191118.16812893,1176.19993138015,7940.78778752617
5522.95237,0.00312730411513509,1191687.49993024,1178.96587603794,7944.58333286826
5522.96236,0.00313465123125385,1192256.91876601,1181.73567356079,7948.37945844007
5522.97236,0.00314200856741461,1192826.42463624,1184.50932394871,7952.17616424159
5522.98236,0.00314937612361738,1193396.01754092,1187.2868272017,7955.97345027281
5522.99236,0.00315675389986216,1193965.69748006,1190.06818331975,7959.77131653375
5523.00235,0.00316414189614895,1194535.46445366,1192.85339230286,7963.5697630244
5523.01235,0.00317154011247773,1195105.31846171,1195.64245415105,7967.36878974475
5523.02235,0.00317894854884852,1195675.25950422,1198.43536886429,7971.16839669482
5523.03235,0.00318636720526132,1196245.28758119,1201.23213644261,7974.9685838746
5523.04234,0.00319379608171613,1196815.40269261,1204.03275688599,7978.76935128408
5523.05234,0.00320123517821293,1197385.60483849,1206.83723019443,7982.57069892329
5523.06234,0.00320868449475174,1197955.89401883,1209.64555636795,7986.37262679218
5523.07233,0.00321614403133256,1198526.27023362,1212.45773540652,7990.17513489081
5523.08233,0.00322361378795538,1199096.73348287,1215.27376731017,7993.97822321915
5523.09233,0.00323109376462021,1199667.28376658,1218.09365207888,7997.78189177719
5523.10233,0.00323858396132703,1200237.92108474,1220.91738971265,8001.58614056493
5523.11232,0.00324608437807588,1200808.64543736,1223.74498021149,8005.39096958239
5523.12232,0.00325359501486672,1201379.45682444,1226.5764235754,8009.19637882957
5523.13232,0.00326111587169956,1201950.35524597,1229.41171980437,8013.00236830644
5523.14232,0.00326864694857441,1202521.34070196,1232.25086889841,8016.80893801304
5523.15231,0.00327618824549127,1203092.4131924,1235.09387085751,8020.61608794934
5523.16231,0.00328373976245013,1203663.57271731,1237.94072568168,8024.42381811537
5523.17231,0.003291301499451,1204234.81927666,1240.79143337092,8028.23212851108
5523.18231,0.00329887345649387,1204806.15287048,1243.64599392522,8032.04101913653
5523.1923,0.00330645563357874,1205377.57349875,1246.50440734459,8035.85048999167
5523.2023,0.00331404803070562,1205949.08116148,1249.36667362902,8039.66054107651
5523.2123,0.00332165064787451,1206520.67585867,1252.23279277852,8043.4711723911
5523.2223,0.0033292634850854,1207092.35759031,1255.10276479309,8047.28238393539
5523.23229,0.0033368865423383,1207664.1263564,1257.97658967272,8051.09417570936
5523.24229,0.0033445198196332,1208235.98215696,1260.85426741741,8054.90654771308
5523.25229,0.00335216331697011,1208807.92499197,1263.73579802718,8058.71949994648
5523.26229,0.00335981703434901,1209379.95486144,1266.62118150201,8062.5330324096
5523.27228,0.00336748097176993,1209952.07176537,1269.5104178419,8066.34714510244
5523.28228,0.00337515512923285,1210524.27570375,1272.40350704686,8070.16183802497
5523.29228,0.00338283950673778,1211096.56667658,1275.30044911689,8073.97711117722
5523.30228,0.00339053410428471,1211668.94468388,1278.20124405198,8077.79296455918
5523.31227,0.00339823892187364,1212241.40972563,1281.10589185214,8081.60939817085
5523.32227,0.00340595395950458,1212813.96180184,1284.01439251736,8085.42641201225
5523.33227,0.00341367921717753,1213386.6009125,1286.92674604765,8089.24400608334
5523.34226,0.00342141469489248,1213959.32705762,1289.842952443,8093.06218038414
5523.35226,0.00342916039264943,1214532.1402372,1292.76301170343,8096.88093491465
5523.36226,0.0034369163104484,1215105.04045123,1295.68692382892,8100.70026967489
5523.37226,0.00344468244828936,1215678.02769972,1298.61468881947,8104.52018466482
5523.38225,0.00345245880617233,1216251.10198267,1301.54630667509,8108.34067988447
5523.39225,0.0034602453840973,1216824.26330007,1304.48177739577,8112.16175533382
5523.40225,0.00346804218206429,1217397.51165193,1307.42110098152,8115.9834110129
5523.41225,0.00347584920007327,1217970.84703825,1310.36427743234,8119.80564692168
5523.42224,0.00348366643812426,1218544.26945902,1313.31130674822,8123.62846306016
5523.43224,0.00349149389621726,1219117.77891425,1316.26218892917,8127.45185942836
5523.44224,0.00349933157435226,1219691.37540394,1319.21692397518,8131.27583602628
5523.45224,0.00350717947252926,1220265.05892809,1322.17551188626,8135.1003928539
5523.46223,0.00351503759074827,1220838.82948668,1325.13795266241,8138.92552991123
5523.47223,0.00352290592900929,1221412.68707974,1328.10424630362,8142.75124719827
5523.48223,0.00353078448731231,1221986.63170725,1331.0743928099,8146.57754471501
5523.49223,0.00353867326565733,1222560.66336922,1334.04839218124,8150.4044224615
5523.50222,0.00354657226404436,1223134.78206565,1337.02624441765,8154.23188043766
5523.51222,0.00355448148247339,1223708.98779653,1340.00794951912,8158.05991864355
5523.52222,0.00356240092094444,1224283.28056187,1342.99350748567,8161.88853707915
5523.53222,0.00357033057945748,1224857.66036167,1345.98291831727,8165.71773574446
5523.54221,0.00357827045801253,1225432.12719592,1348.97618201395,8169.54751463947
5523.55221,0.00358622055660958,1226006.68106463,1351.97329857568,8173.37787376419
5523.56221,0.00359418087524864,1226581.3219678,1354.97426800249,8177.20881311864
5523.5722,0.00360215141392971,1227156.04990542,1357.97909029436,8181.04033270278
5523.5822,0.00361013217265278,1227730.8648775,1360.9877654513,8184.87243251664
5523.5922,0.00361812315141785,1228305.76688403,1364.0002934733,8188.7051125602
5523.6022,0.00362612435022493,1228880.75592502,1367.01667436036,8192.53837283349
5523.61219,0.00363413576907401,1229455.83200047,1370.0369081125,8196.37221333648
5523.62219,0.0036421574079651,1230030.99511038,1373.0609947297,8200.20663406919
5523.63219,0.0036501892668982,1230606.24525474,1376.08893421196,8204.04163503159
5523.64219,0.0036582313458733,1231181.58243356,1379.12072655929,8207.87721622372
5523.65218,0.00366628364489041,1231757.00664683,1382.15637177169,8211.71337764555
5523.66218,0.00367434616394951,1232332.51789456,1385.19586984915,8215.55011929708
5523.67218,0.00368241890305063,1232908.11617675,1388.23922079168,8219.38744117835
5523.68218,0.00369050186219374,1233483.8014934,1391.28642459928,8223.2253432893
5523.69217,0.00369859504137887,1234059.5738445,1394.33748127194,8227.06382562997
5523.70217,0.003706698440606,1234635.43323006,1397.39239080967,8230.90288820037
5523.71217,0.00371481205987513,1235211.37965007,1400.45115321246,8234.74253100046
5523.72217,0.00372293589918627,1235787.41310454,1403.51376848032,8238.58275403027
5523.73216,0.00373106995853942,1236363.53359347,1406.58023661324,8242.42355728979
5523.74216,0.00373921423793457,1236939.74111685,1409.65055761123,8246.26494077901
5523.75216,0.00374736873737172,1237516.03567469,1412.72473147429,8250.10690449796
5523.76216,0.00375553345685088,1238092.41726699,1415.80275820241,8253.9494484466
5523.77215,0.00376370839637204,1238668.88589374,1418.8846377956,8257.79257262495
5523.78215,0.0037718935559352,1239245.44155496,1421.97037025384,8261.63627703304
5523.79215,0.00378008893554038,1239822.08425062,1425.05995557717,8265.4805616708
5523.80214,0.00378829453518756,1240398.81398074,1428.15339376555,8269.32542653827
5523.81214,0.00379651035487674,1240975.63074533,1431.250684819,8273.1708716355
5523.82214,0.00380473639460794,1241552.53454436,1434.35182873752,8277.01689696241
5523.83214,0.00381297265438113,1242129.52537786,1437.4568255211,8280.86350251906
5523.84213,0.00382121913419632,1242706.60324581,1440.56567516975,8284.71068830539
5523.85213,0.00382947583405353,1243283.76814821,1443.67837768347,8288.55845432143
5523.86213,0.00383774275395273,1243861.02008508,1446.79493306224,8292.40680056717
5523.87213,0.00384601989389395,1244438.3590564,1449.91534130609,8296.25572704264
5523.88212,0.00385430725387717,1245015.78506217,1453.039602415,8300.1052337478
5523.89212,0.00386260483390239,1245593.2981024,1456.16771638898,8303.9553206827
5523.90212,0.00387091263396962,1246170.89817709,1459.29968322803,8307.8059878473
5523.91212,0.00387923065407885,1246748.58528624,1462.43550293213,8311.65723524161
5523.92211,0.00388755889423009,1247326.35942984,1465.57517550131,8315.50906286563
5523.93211,0.00389589735442333,1247904.22060791,1468.71870093555,8319.36147071937
5523.94211,0.00390424603465857,1248482.16882042,1471.86607923486,8323.21445880278
5523.95211,0.00391260493493584,1249060.20406739,1475.01731039923,8327.06802711594
5523.9621,0.00392097405525509,1249638.32634882,1478.17239442867,8330.9221756588
5523.9721,0.00392935339561635,1250216.53566471,1481.33133132317,8334.77690443139
5523.9821,0.00393774295601962,1250794.83201505,1484.49412108274,8338.63221343365
5523.9921,0.0039461427364649,1251373.21539985,1487.66076370738,8342.48810266564
5524.00209,0.00395455273695217,1251951.6858191,1490.83125919708,8346.34457212735
5524.01209,0.00396297295748146,1252530.24327281,1494.00560755185,8350.20162181876
5524.02209,0.00397140339805274,1253108.88776098,1497.18380877169,8354.05925173989
5524.03209,0.00397984405866604,1253687.61928361,1500.36586285658,8357.91746189072
5524.04208,0.00398829493932134,1254266.43784069,1503.55176980655,8361.77625227127
5524.05208,0.00399675604001863,1254845.34343223,1506.74152962158,8365.63562288153
5524.06208,0.00400522736075794,1255424.33605822,1509.93514230168,8369.49557372148
5524.07207,0.00401370890153925,1256003.41571867,1513.13260784684,8373.35610479116
5524.08207,0.00402220066236257,1256582.58241358,1516.33392625707,8377.21721609054
5524.09207,0.00403070264322789,1257161.83614295,1519.53909753236,8381.07890761965
5524.10207,0.00403921484413522,1257741.17690677,1522.74812167273,8384.94117937846
5524.11206,0.00404773726508455,1258320.60470505,1525.96099867815,8388.80403136697
5524.12206,0.0040562699060759,1258900.11953778,1529.17772854865,8392.6674635852
5524.13206,0.00406481276710923,1259479.72140497,1532.3983112842,8396.53147603315
5524.14206,0.00407336584818458,1260059.41030662,1535.62274688483,8400.3960687108
5524.15205,0.00408192914930193,1260639.18624272,1538.85103535052,8404.26124161816
5524.16205,0.00409050267046128,1261219.04921328,1542.08317668127,8408.12699475523
5524.17205,0.00409908641166265,1261798.9992183,1545.31917087709,8411.993328122
5524.18205,0.00410768037290603,1262379.03625777,1548.55901793799,8415.86024171848
5524.19204,0.00411628455419139,1262959.16033171,1551.80271786394,8419.7277355447
5524.20204,0.00412489895551876,1263539.3714401,1555.05027065495,8423.59580960064
5524.21204,0.00413352357688815,1264119.66958293,1558.30167631104,8427.46446388623
5524.22204,0.00414215841829954,1264700.05476024,1561.55693483219,8431.33369840158
5524.23203,0.00415080347975294,1265280.526972,1564.81604621841,8435.20351314664
5524.24203,0.00415945876124833,1265861.08621821,1568.07901046969,8439.07390812139
5524.25203,0.00416812426278572,1266441.73249887,1571.34582758604,8442.94488332583
5524.26203,0.00417679998436513,1267022.465814,1574.61649756746,8446.81643876002
5524.27202,0.00418548592598654,1267603.28616358,1577.89102041393,8450.68857442389
5524.28202,0.00419418208764995,1268184.19354763,1581.16939612548,8454.5612903175
5524.29202,0.00420288846935537,1268765.18796612,1584.45162470209,8458.43458644081
5524.30201,0.0042116050711028,1269346.26941908,1587.73770614377,8462.30846279386
5524.31201,0.00422033189289223,1269927.43790648,1591.02764045051,8466.18291937656
5524.32201,0.00422906893472367,1270508.69342835,1594.32142762232,8470.057956189
5524.33201,0.00423781619659711,1271090.03598467,1597.6190676592,8473.93357323114
5524.342,0.00424657367851256,1271671.46557545,1600.92056056114,8477.80977050302
5524.352,0.00425534138047002,1272252.98220069,1604.22590632815,8481.68654800458
5524.362,0.00426411930246946,1272834.58586038,1607.53510496022,8485.56390573587
5524.372,0.00427290744451094,1273416.27655453,1610.84815645736,8489.44184369688
5524.38199,0.00428170580659439,1273998.05428313,1614.16506081957,8493.32036188756
5524.39199,0.00429051438871987,1274579.9190462,1617.48581804684,8497.19946030799
5524.40199,0.00429933319088735,1275161.87084371,1620.81042813918,8501.07913895809
5524.41199,0.00430816221309683,1275743.90967569,1624.13889109658,8504.95939783795
5524.42198,0.0043170014553483,1276326.03554212,1627.47120691904,8508.84023694749
5524.43198,0.0043258509176418,1276908.24844301,1630.80737560658,8512.72165628675
5524.44198,0.00433471059997729,1277490.54837836,1634.14739715917,8516.60365585571
5524.45198,0.00434358050235479,1278072.93534816,1637.49127157684,8520.4862356544
5524.46197,0.0043524606247743,1278655.40935242,1640.83899885957,8524.36939568278
5524.47197,0.0043613509672358,1279237.97039113,1644.19057900737,8528.25313594087
5524.48197,0.00437025152973933,1279820.6184643,1647.54601202023,8532.13745642869
5524.49197,0.00437916231228484,1280403.35357193,1650.90529789816,8536.02235714622
5524.50196,0.00438808331487238,1280986.17571402,1654.26843664116,8539.90783809345
5524.51196,0.0043970145375019,1281569.08489056,1657.63542824922,8543.79389927039
5524.52196,0.00440595598017344,1282152.08110156,1661.00627272235,8547.68054067704
5524.53195,0.00441490764288698,1282735.16434701,1664.38097006054,8551.5677623134
5524.54195,0.00442386952564252,1283318.33462692,1667.7595202638,8555.45556417948
5524.55195,0.00443284162844009,1283901.59194129,1671.14192333213,8559.34394627527
