Time,Velocity,Pressure,Gamma,Tau
3848.28828,0.00111004914387728,989171.69993691,418.478668263422,6594.4779995794
3848.29828,0.0011144969837484,990029.874726259,420.155464391033,6600.19916484173
3848.30828,0.00111895846478648,990889.224899093,421.83740311744,6605.92816599395
3848.31828,0.00112343358699155,991749.750455412,423.524484442643,6611.66500303608
3848.32827,0.0011279223503636,992611.451395216,425.216708366641,6617.40967596811
3848.33827,0.00113242475490262,993474.327718506,426.914074889434,6623.16218479004
3848.34827,0.00113694080060862,994338.379425281,428.616584011023,6628.92252950187
3848.35827,0.00114147048748159,995203.606515541,430.324235731408,6634.69071010361
3848.36826,0.00114601381552155,996070.008989287,432.037030050588,6640.46672659525
3848.37826,0.00115057078472848,996937.586846517,433.754966968564,6646.25057897678
3848.38826,0.00115514139510239,997806.340087234,435.478046485334,6652.04226724823
3848.39826,0.00115972564664327,998676.268711436,437.206268600901,6657.84179140957
3848.40825,0.00116432353935113,999547.372719122,438.939633315263,6663.64915146082
3848.41825,0.00116893507322598,1000419.6521103,440.678140628421,6669.46434740197
3848.42825,0.00117356024826779,1001293.10688495,442.421790540374,6675.28737923302
3848.43824,0.00117819906447659,1002167.7370431,444.170583051122,6681.11824695397
3848.44824,0.00118285152185236,1003043.54258472,445.924518160666,6686.95695056483
3848.45824,0.00118751762039511,1003920.52350984,447.683595869005,6692.80349006558
3848.46824,0.00119219736010484,1004798.67981844,449.44781617614,6698.65786545625
3848.47823,0.00119689074098154,1005678.01151052,451.21717908207,6704.52007673681
3848.48823,0.00120159776302522,1006558.51858609,452.991684586796,6710.39012390727
3848.49823,0.00120631842623588,1007440.20104515,454.771332690318,6716.26800696764
3848.50823,0.00121105273061352,1008323.05888769,456.556123392634,6722.15372591791
3848.51822,0.00121580067615813,1009207.09211371,458.346056693747,6728.04728075809
3848.52822,0.00122056226286972,1010092.30072322,460.141132593655,6733.94867148816
3848.53822,0.00122533749074829,1010978.68471622,461.941351092358,6739.85789810813
3848.54822,0.00123012635979384,1011866.2440927,463.746712189857,6745.77496061802
3848.55821,0.00123492887000636,1012754.97885267,465.557215886151,6751.6998590178
3848.56821,0.00123974502138586,1013644.88899612,467.372862181241,6757.63259330748
3848.57821,0.00124457481393234,1014535.97452306,469.193651075126,6763.57316348707
3848.58821,0.00124941824764579,1015428.23543348,471.019582567807,6769.52156955655
3848.5982,0.00125427532252622,1016321.67172739,472.850656659283,6775.47781151595
3848.6082,0.00125914603857363,1017216.28340479,474.686873349555,6781.44188936524
3848.6182,0.00126403039578802,1018112.07046566,476.528232638622,6787.41380310443
3848.6282,0.00126892839416939,1019009.03291003,478.374734526484,6793.39355273353
3848.63819,0.00127384003371773,1019907.17073788,480.226379013143,6799.38113825253
3848.64819,0.00127876531443305,1020806.48394921,482.083166098597,6805.37655966143
3848.65819,0.00128370423631534,1021706.97254403,483.945095782845,6811.37981696023
3848.66819,0.00128865679936462,1022608.63652234,485.81216806589,6817.39091014895
3848.67818,0.00129362300358087,1023511.47588413,487.684382947731,6823.40983922755
3848.68818,0.0012986028489641,1024415.49062941,489.561740428366,6829.43660419606
3848.69818,0.0013035963355143,1025320.68075817,491.444240507797,6835.47120505448
3848.70817,0.00130860346323149,1026227.04627042,493.331883186024,6841.51364180279
3848.71817,0.00131362423211565,1027134.58716615,495.224668463046,6847.56391444101
3848.72817,0.00131865864216678,1028043.30344537,497.122596338863,6853.62202296913
3848.73817,0.0013237066933849,1028953.19510807,499.025666813476,6859.68796738715
3848.74816,0.00132876838576999,1029864.26215426,500.933879886885,6865.76174769508
3848.75816,0.00133384371932206,1030776.50458394,502.847235559089,6871.84336389291
3848.76816,0.00133893269404111,1031689.9223971,504.765733830088,6877.93281598063
3848.77816,0.00134403530992713,1032604.51559374,506.689374699884,6884.03010395827
3848.78815,0.00134915156698013,1033520.28417387,508.618158168474,6890.1352278258
3848.79815,0.00135428146520011,1034437.22813749,510.55208423586,6896.24818758324
3848.80815,0.00135942500458707,1035355.34748459,512.491152902041,6902.36898323058
3848.81815,0.001364582185141,1036274.64221517,514.435364167019,6908.49761476782
3848.82814,0.00136975300686192,1037195.11232924,516.384718030791,6914.63408219496
3848.83814,0.0013749374697498,1038116.7578268,518.339214493358,6920.77838551201
3848.84814,0.00138013557380467,1039039.57870784,520.298853554722,6926.93052471895
3848.85814,0.00138534731902651,1039963.57497237,522.263635214881,6933.09049981581
3848.86813,0.00139057270541533,1040888.74662038,524.233559473835,6939.25831080255
3848.87813,0.00139581173297113,1041815.09365188,526.208626331585,6945.43395767921
3848.88813,0.00140106440169391,1042742.61606687,528.18883578813,6951.61744044577
3848.89813,0.00140633071158366,1043671.31386533,530.174187843471,6957.80875910223
3848.90812,0.00141161066264039,1044601.18704729,532.164682497607,6964.00791364859
3848.91812,0.00141690425486409,1045532.23561273,534.160319750539,6970.21490408486
3848.92812,0.00142221148825478,1046464.45956165,536.161099602267,6976.42973041102
3848.93811,0.00142753236281244,1047397.85889406,538.16702205279,6982.65239262709
3848.94811,0.00143286687853708,1048332.43360996,540.178087102108,6988.88289073306
3848.95811,0.0014382150354287,1049268.18370934,542.194294750222,6995.12122472894
3848.96811,0.00144357683348729,1050205.10919221,544.21564499713,7001.36739461471
3848.9781,0.00144895227271286,1051143.21005856,546.242137842836,7007.62140039039
3848.9881,0.00145434135310541,1052082.4863084,548.273773287336,7013.88324205597
3848.9981,0.00145974407466494,1053022.93794172,550.310551330632,7020.15291961145
3849.0081,0.00146516043739144,1053964.56495852,552.352471972723,7026.43043305683
3849.01809,0.00147059044128492,1054907.36735882,554.399535213609,7032.71578239212
3849.02809,0.00147603408634538,1055851.3451426,556.451741053291,7039.00896761731
3849.03809,0.00148149137257281,1056796.49830986,558.509089491769,7045.3099887324
3849.04809,0.00148696229996722,1057742.82686061,560.571580529042,7051.61884573739
3849.05808,0.00149244686852862,1058690.33079484,562.639214165111,7057.93553863229
3849.06808,0.00149794507825698,1059639.01011256,564.711990399975,7064.26006741709
3849.07808,0.00150345692915233,1060588.86481377,566.789909233635,7070.59243209179
3849.08808,0.00150898242121465,1061539.89489846,568.87297066609,7076.9326326564
3849.09807,0.00151452155444395,1062492.10036663,570.96117469734,7083.2806691109
3849.10807,0.00152007432884022,1063445.4812183,573.054521327386,7089.63654145531
3849.11807,0.00152564074440348,1064400.03745344,575.153010556228,7096.00024968961
3849.12807,0.00153122080113371,1065355.76907207,577.256642383865,7102.37179381383
3849.13806,0.00153681449903092,1066312.67607419,579.365416810297,7108.75117382795
3849.14806,0.0015424218380951,1067270.75845979,581.479333835525,7115.13838973196
3849.15806,0.00154804281832627,1068230.01622888,583.598393459549,7121.53344152588
3849.16805,0.00155367743972441,1069190.44938146,585.722595682368,7127.9363292097
3849.17805,0.00155932570228953,1070152.05791751,587.851940503983,7134.34705278342
3849.18805,0.00156498760602162,1071114.84183706,589.986427924392,7140.76561224705
3849.19805,0.00157066315092069,1072078.80114009,592.126057943598,7147.19200760058
3849.20804,0.00157635233698674,1073043.9358266,594.270830561599,7153.62623884401
3849.21804,0.00158205516421977,1074010.2458966,596.420745778395,7160.06830597734
3849.22804,0.00158777163261978,1074977.73135009,598.575803593987,7166.51820900057
3849.23804,0.00159350174218676,1075946.39218706,600.736004008374,7172.97594791372
3849.24803,0.00159924549292072,1076916.22840751,602.901347021558,7179.44152271676
3849.25803,0.00160500288482165,1077887.24001145,605.071832633536,7185.9149334097
3849.26803,0.00161077391788957,1078859.42699888,607.247460844309,7192.39617999254
3849.27803,0.00161655859212446,1079832.78936979,609.428231653879,7198.88526246529
3849.28802,0.00162235690752633,1080807.32712419,611.614145062244,7205.38218082794
3849.29802,0.00162816886409517,1081783.04026207,613.805201069404,7211.88693508049
3849.30802,0.001633994461831,1082759.92878344,616.00139967536,7218.39952522294
3849.31802,0.0016398337007338,1083737.99268829,618.202740880111,7224.9199512553
3849.32801,0.00164568658080358,1084717.23197663,620.409224683658,7231.44821317755
3849.33801,0.00165155310204033,1085697.64664846,622.620851086,7237.98431098972
3849.34801,0.00165743326444406,1086679.23670377,624.837620087138,7244.52824469178
3849.35801,0.00166332706801477,1087662.00214256,627.059531687071,7251.08001428374
3849.368,0.00166923451275246,1088645.94296484,629.2865858858,7257.63961976562
3849.378,0.00167515559865712,1089631.05917061,631.518782683324,7264.20706113738
3849.388,0.00168109032572877,1090617.35075986,633.756122079644,7270.78233839905
3849.398,0.00168703869396739,1091604.81773259,635.998604074759,7277.36545155063
3849.40799,0.00169300070337298,1092593.46008882,638.246228668669,7283.95640059211
3849.41799,0.00169897635394556,1093583.27782852,640.498995861376,7290.55518552348
3849.42799,0.00170496564568511,1094574.27095171,642.756905652877,7297.16180634477
3849.43798,0.00171096857859164,1095566.43945839,645.019958043174,7303.77626305595
3849.44798,0.00171698515266514,1096559.78334856,647.288153032267,7310.39855565703
3849.45798,0.00172301536790563,1097554.3026222,649.561490620155,7317.02868414802
3849.46798,0.00172905922431309,1098549.99727934,651.839970806839,7323.66664852891
3849.47797,0.00173511672188752,1099546.86731996,654.123593592318,7330.31244879971
3849.48797,0.00174118786062894,1100544.91274406,656.412358976593,7336.9660849604
3849.49797,0.00174727264053733,1101544.13355165,658.706266959663,7343.627557011
3849.50797,0.0017533710616127,1102544.52974272,661.005317541528,7350.2968649515
3849.51796,0.00175948312385505,1103546.10131728,663.309510722189,7356.9740087819
3849.52796,0.00176560882726437,1104548.84827533,665.618846501645,7363.6589885022
3849.53796,0.00177174817184068,1105552.77061686,667.933324879898,7370.35180411241
3849.54796,0.00177790115758396,1106557.86834188,670.252945856945,7377.05245561252
3849.55795,0.00178406778449421,1107564.14145038,672.577709432789,7383.76094300253
3849.56795,0.00179024805257145,1108571.58994237,674.907615607427,7390.47726628244
3849.57795,0.00179644196181566,1109580.21381784,677.24266438086,7397.20142545225
3849.58795,0.00180264951222685,1110590.0130768,679.58285575309,7403.93342051197
3849.59794,0.00180887070380501,1111600.98771924,681.928189724115,7410.67325146159
3849.60794,0.00181510553655016,1112613.13774517,684.278666293936,7417.42091830112
3849.61794,0.00182135401046228,1113626.46315458,686.634285462552,7424.17642103054
3849.62794,0.00182761612554137,1114640.96394748,688.995047229963,7430.93975964987
3849.63793,0.00183389188178745,1115656.64012386,691.36095159617,7437.71093415909
3849.64793,0.0018401812792005,1116673.49168373,693.731998561173,7444.48994455823
3849.65793,0.00184648431778053,1117691.51862709,696.10818812497,7451.27679084726
3849.66792,0.00185280099752754,1118710.72095393,698.489520287563,7458.0714730262
3849.67792,0.00185913131844153,1119731.09866426,700.875995048952,7464.87399109504
3849.68792,0.00186547528052249,1120752.65175807,703.267612409137,7471.68434505377
3849.69792,0.00187183288377043,1121775.38023536,705.664372368116,7478.50253490243
3849.70791,0.00187820412818534,1122799.28409615,708.066274925892,7485.32856064097
3849.71791,0.00188458901376724,1123824.36334041,710.473320082463,7492.16242226941
3849.72791,0.00189098754051611,1124850.61796816,712.885507837829,7499.00411978776
3849.73791,0.00189739970843196,1125878.0479794,715.30283819199,7505.85365319602
3849.7479,0.00190382551751478,1126906.65337413,717.725311144947,7512.71102249417
3849.7579,0.00191026496776459,1127936.43415233,720.152926696701,7519.57622768223
3849.7679,0.00191671805918137,1128967.39031403,722.585684847248,7526.44926876018
3849.7779,0.00192318479176513,1129999.52185921,725.023585596593,7533.33014572805
3849.78789,0.00192966516551586,1131032.82878787,727.466628944732,7540.21885858582
3849.79789,0.00193615918043357,1132067.31110002,729.914814891666,7547.11540733348
3849.80789,0.00194266683651826,1133102.96879566,732.368143437396,7554.01979197105
3849.81789,0.00194918813376993,1134139.80187478,734.826614581922,7560.93201249852
3849.82788,0.00195572307218858,1135177.81033738,737.290228325243,7567.85206891589
3849.83788,0.0019622716517742,1136216.99418347,739.75898466736,7574.77996122316
3849.84788,0.0019688338725268,1137257.35341305,742.232883608272,7581.71568942035
3849.85788,0.00197540973444638,1138298.88802611,744.71192514798,7588.65925350742
3849.86787,0.00198199923753293,1139341.59802266,747.196109286483,7595.6106534844
3849.87787,0.00198860238178646,1140385.48340269,749.685436023781,7602.56988935129
3849.88787,0.00199521916720697,1141430.54416621,752.179905359875,7609.53696110808
3849.89786,0.00200184959379446,1142476.78031321,754.679517294765,7616.51186875477
3849.90786,0.00200849366154892,1143524.1918437,757.18427182845,7623.49461229136
3849.91786,0.00201515137047036,1144572.77875768,759.69416896093,7630.48519171785
3849.92786,0.00202182272055878,1145622.54105514,762.209208692206,7637.48360703425
3849.93785,0.00202850771181417,1146673.47873608,764.729391022278,7644.48985824054
3849.94785,0.00203520634423655,1147725.59180051,767.254715951145,7651.50394533675
3849.95785,0.0020419186178259,1148778.88024843,769.785183478807,7658.52586832284
3849.96785,0.00204864453258222,1149833.34407983,772.320793605265,7665.55562719886
3849.97784,0.00205538408850553,1150888.98329471,774.861546330518,7672.59322196476
3849.98784,0.00206213728559581,1151945.79789308,777.407441654567,7679.63865262057
3849.99784,0.00206890412385307,1153003.78787494,779.958479577411,7686.69191916628
3850.00784,0.00207568460327731,1154062.95324028,782.514660099051,7693.75302160189
3850.01783,0.00208247872386852,1155123.29398911,785.075983219487,7700.82195992742
3850.02783,0.00208928648562671,1156184.81012142,787.642448938718,7707.89873414283
3850.03783,0.00209610788855188,1157247.50163722,790.214057256744,7714.98334424815
3850.04783,0.00210294293264403,1158311.36853651,792.790808173566,7722.07579024337
3850.05782,0.00210979161790315,1159376.41081927,795.372701689183,7729.1760721285
3850.06782,0.00211665394432925,1160442.62848553,797.959737803596,7736.28418990353
3850.07782,0.00212352991192233,1161510.02153527,800.551916516804,7743.40014356846
3850.08782,0.00213041952068239,1162578.58996849,803.149237828809,7750.52393312329
3850.09781,0.00213732277060942,1163648.3337852,805.751701739608,7757.65555856803
3850.10781,0.00214423966170343,1164719.2529854,808.359308249203,7764.79501990266
3850.11781,0.00215117019396442,1165791.34756908,810.972057357593,7771.9423171272
3850.12781,0.00215811436739238,1166864.61753625,813.589949064778,7779.09745024165
3850.1378,0.00216507218198732,1167939.0628869,816.21298337076,7786.26041924599
3850.1478,0.00217204363774924,1169014.68362104,818.841160275536,7793.43122414024
3850.1578,0.00217902873467814,1170091.47973866,821.474479779108,7800.60986492438
3850.16779,0.00218602747277401,1171169.45123977,824.112941881476,7807.79634159844
3850.17779,0.00219303985203687,1172248.59812436,826.75654658264,7814.99065416239
3850.18779,0.00220006587246669,1173328.92039244,829.405293882598,7822.19280261625
3850.19779,0.0022071055340635,1174410.418044,832.059183781352,7829.40278696
3850.20778,0.00221415883682728,1175493.09107905,834.718216278902,7836.62060719366
3850.21778,0.00222122578075804,1176576.93949758,837.382391375247,7843.84626331723
3850.22778,0.00222830636585578,1177661.9632996,840.051709070387,7851.07975533069
3850.23778,0.0022354005921205,1178748.16248511,842.726169364324,7858.32108323405
3850.24777,0.00224250845955219,1179835.5370541,845.405772257055,7865.57024702733
3850.25777,0.00224962996815086,1180924.08700657,848.090517748583,7872.8272467105
3850.26777,0.00225676511791651,1182013.81234254,850.780405838905,7880.09208228357
3850.27777,0.00226391390884913,1183104.71306198,853.475436528022,7887.36475374654
3850.28776,0.00227107634094874,1184196.78916491,856.175609815937,7894.64526109943
3850.29776,0.00227825241421532,1185290.04065133,858.880925702646,7901.93360434221
3850.30776,0.00228544212864887,1186384.46752123,861.591384188151,7909.22978347489
3850.31776,0.00229264548424941,1187480.06977462,864.30698527245,7916.53379849747
3850.32775,0.00229986248101692,1188576.8474115,867.027728955545,7923.84564940997
3850.33775,0.00230709311895141,1189674.80043185,869.753615237436,7931.16533621236
3850.34775,0.00231433739805287,1190773.9288357,872.484644118122,7938.49285890465
3850.35775,0.00232159531832132,1191874.23262303,875.220815597605,7945.82821748684
3850.36774,0.00232886687975674,1192975.71179384,877.962129675883,7953.17141195894
3850.37774,0.00233615208235914,1194078.36634814,880.708586352956,7960.52244232094
3850.38774,0.00234345092612851,1195182.19628593,883.460185628824,7967.88130857284
3850.39773,0.00235076341106487,1196287.2016072,886.216927503488,7975.24801071464
3850.40773,0.0023580895371682,1197393.38231195,888.978811976947,7982.62254874634
3850.41773,0.0023654293044385,1198500.73840019,891.745839049202,7990.00492266796
3850.42773,0.00237278271287579,1199609.26987192,894.518008720252,7997.39513247946
3850.43772,0.00238014976248005,1200718.97672713,897.295320990099,8004.79317818088
3850.44772,0.00238753045325129,1201829.85896583,900.077775858739,8012.1990597722
3850.45772,0.00239492478518951,1202941.91658801,902.865373326176,8019.61277725341
3850.46772,0.0024023327582947,1204055.14959368,905.658113392408,8027.03433062453
3850.47771,0.00240975437256687,1205169.55798283,908.455996057436,8034.46371988556
3850.48771,0.00241718962800602,1206285.14175547,911.259021321259,8041.90094503648
3850.49771,0.00242463852461215,1207401.9009116,914.067189183878,8049.34600607731
3850.50771,0.00243210106238525,1208519.83545121,916.880499645293,8056.79890300804
3850.5177,0.00243957724132533,1209638.9453743,919.698952705501,8064.25963582867
3850.5277,0.00244706706143239,1210759.23068088,922.522548364508,8071.7282045392
3850.5377,0.00245457052270643,1211880.69137095,925.351286622308,8079.20460913964
3850.5477,0.00246208762514744,1213003.3274445,928.185167478905,8086.68884962998
3850.55769,0.00246961836875543,1214127.13890153,931.024190934296,8094.18092601022
3850.56769,0.0024771627535304,1215252.12574205,933.868356988484,8101.68083828036
3850.57769,0.00248472077947234,1216378.28796606,936.717665641465,8109.18858644041
3850.58769,0.00249229244658127,1217505.62557355,939.572116893245,8116.70417049035
3850.59768,0.00249987775485717,1218634.13856453,942.431710743818,8124.2275904302
3850.60768,0.00250747670430004,1219763.82693899,945.296447193187,8131.75884625995
3850.61768,0.00251508929490989,1220894.69069694,948.16632624135,8139.29793797961
3850.62767,0.00251888971700851,1222080.39226842,949.599051618816,8147.20261512282
3850.63767,0.00252708851166088,1223078.66391761,952.689924384598,8153.85775945071
3850.64767,0.00253471973367728,1224213.48097559,955.566827307555,8161.42320650396
3850.65767,0.00254236518877563,1225349.48835817,958.449095975995,8168.99658905449
3850.66766,0.00255002487695593,1226486.68606534,961.336730389915,8176.57790710229
3850.67766,0.00255769879821817,1227625.0740971,964.229730549318,8184.16716064735
3850.68766,0.00256538695256236,1228764.65245345,967.128096454202,8191.76434968968
3850.69766,0.00257308933998849,1229905.42113439,970.031828104567,8199.36947422928
3850.70765,0.00258080596049658,1231047.38013992,972.940925500415,8206.98253426614
3850.71765,0.00258853681408661,1232190.52947004,975.855388641746,8214.60352980028
3850.72765,0.00259628190075858,1233334.86912475,978.775217528557,8222.23246083168
3850.73765,0.00260404122051251,1234480.39910405,981.70041216085,8229.86932736035
3850.74764,0.00261181477334838,1235627.11940794,984.630972538626,8237.51412938629
3850.75764,0.00261960255926619,1236775.03003642,987.566898661883,8245.1668669095
3850.76764,0.00262740457826595,1237924.1309895,990.508190530622,8252.82753992997
3850.77764,0.00263522083034766,1239074.42226716,993.454848144842,8260.49614844772
3850.78763,0.00264305131551132,1240225.90386941,996.406871504545,8268.17269246273
3850.79763,0.00265089603375692,1241378.57579625,999.364260609729,8275.85717197501
3850.80763,0.00265875498508448,1242532.43804768,1002.3270154604,8283.54958698455
3850.81763,0.00266662816949397,1243687.49062371,1005.29513605654,8291.24993749137
3850.82762,0.00267451558698541,1244843.73352432,1008.26862239817,8298.95822349545
3850.83762,0.0026824172375588,1246001.16674952,1011.24747448528,8306.67444499681
3850.84762,0.00269033312121414,1247159.79029931,1014.23169231788,8314.39860199543
3850.85762,0.00269826323795143,1248319.6041737,1017.22127589595,8322.13069449131
3850.86761,0.00270620758777065,1249480.60837267,1020.21622521951,8329.87072248447
3850.87761,0.00271416617067183,1250642.80289623,1023.21654028855,8337.6186859749
3850.88761,0.00272213898665496,1251806.18774439,1026.22222110307,8345.37458496259
3850.8976,0.00273012603572003,1252970.76291713,1029.23326766307,8353.13841944755
3850.9076,0.00273812731786704,1254136.52841447,1032.24967996856,8360.91018942979
3850.9176,0.00274614283309601,1255303.48423639,1035.27145801952,8368.68989490928
3850.9276,0.00275417258140692,1256471.63038291,1038.29860181597,8376.47753588605
3850.93759,0.00276221656279978,1257640.96685401,1041.3311113579,8384.27311236007
3850.94759,0.00277027477727458,1258811.49364971,1044.36898664531,8392.07662433138
3850.95759,0.00277834722483133,1259983.21076999,1047.4122276782,8399.88807179995
3850.96759,0.00278643390547003,1261156.11821487,1050.46083445658,8407.70745476579
3850.97758,0.00279453481919067,1262330.21598433,1053.51480698044,8415.53477322889
3850.98758,0.00280264996599327,1263505.50407839,1056.57414524978,8423.37002718926
3850.99758,0.00281077934587781,1264681.98249704,1059.6388492646,8431.21321664691
3851.00758,0.00281892295884429,1265859.65124027,1062.7089190249,8439.06434160182
3851.01757,0.00282708080489272,1267038.5103081,1065.78435453068,8446.923402054
3851.02757,0.0028352528840231,1268218.55970052,1068.86515578195,8454.79039800344
3851.03757,0.00284343919623542,1269399.79941752,1071.9513227787,8462.66532945016
3851.04757,0.0028516397415297,1270582.22945912,1075.04285552093,8470.54819639415
3851.05756,0.00285985451990592,1271765.84982531,1078.13975400864,8478.4389988354
3851.06756,0.00286808353136408,1272950.66051609,1081.24201824183,8486.33773677392
3851.07756,0.00287632677590419,1274136.66153146,1084.34964822051,8494.2444102097
3851.08756,0.00288458425352625,1275323.85287141,1087.46264394466,8502.15901914276
3851.09755,0.00289285596423026,1276512.23453596,1090.5810054143,8510.08156357308
3851.10755,0.00290114190801621,1277701.8065251,1093.70473262942,8518.01204350068
3851.11755,0.00290944208488411,1278892.56883883,1096.83382559003,8525.95045892553
3851.12754,0.00291775649483395,1280084.52147715,1099.96828429611,8533.89680984766
3851.13754,0.00292608513786575,1281277.66444006,1103.10810874768,8541.85109626706
3851.14754,0.00293442801397948,1282471.99772756,1106.25329894472,8549.81331818373
3851.15754,0.00294278512317517,1283667.52133965,1109.40385488725,8557.78347559766
3851.16753,0.0029511564654528,1284864.23527633,1112.55977657527,8565.76156850886
3851.17753,0.00295954204081238,1286062.1395376,1115.72106400876,8573.74759691734
3851.18753,0.00296794184925391,1287261.23412346,1118.88771718773,8581.74156082307
3851.19753,0.00297635589077738,1288461.51903391,1122.05973611219,8589.74346022607
3851.20752,0.0029847841653828,1289662.99426895,1125.23712078213,8597.75329512635
3851.21752,0.00299322667307017,1290865.65982858,1128.41987119755,8605.77106552389
3851.22752,0.00300168341383948,1292069.5157128,1131.60798735845,8613.79677141869
3851.23752,0.00301015438769074,1293274.56192162,1134.80146926484,8621.83041281078
3851.24751,0.00301863959462395,1294480.79845502,1138.0003169167,8629.87198970012
3851.25751,0.0030271390346391,1295688.22531301,1141.20453031405,8637.92150208674
3851.26751,0.0030356527077362,1296896.84249559,1144.41410945688,8645.97894997062
3851.27751,0.00304418061391525,1298106.65000277,1147.62905434519,8654.04433335177
3851.2875,0.00305272275317624,1299317.64783453,1150.84936497899,8662.11765223019
3851.2975,0.00306127912551918,1300529.83599088,1154.07504135826,8670.19890660587
3851.3075,0.00306984973094407,1301743.21447182,1157.30608348302,8678.28809647883
3851.3175,0.0030784345694509,1302957.78327736,1160.54249135326,8686.38522184905
3851.32749,0.00308703364103968,1304173.54240748,1163.78426496898,8694.49028271655
3851.33749,0.00309564694571041,1305390.4918622,1167.03140433018,8702.60327908131
3851.34749,0.00310427448346308,1306608.6316415,1170.28390943686,8710.72421094333
3851.35749,0.0031129162542977,1307827.96174539,1173.54178028903,8718.85307830263
3851.36748,0.00312157225821427,1309048.48217388,1176.80501688668,8726.9898811592
3851.37748,0.00313024249521278,1310270.19292695,1180.07361922981,8735.13461951302
3851.38748,0.00313892696529324,1311493.09400462,1183.34758731842,8743.28729336413
3851.39747,0.00314762566845565,1312717.18540687,1186.62692115251,8751.44790271249
3851.40747,0.00315633860470001,1313942.46713372,1189.91162073209,8759.61644755814
3851.41747,0.00316506577402631,1315168.93918516,1193.20168605715,8767.79292790104
3851.42747,0.00317380717643456,1316396.60156118,1196.49711712768,8775.97734374121
3851.43746,0.00318256281192475,1317625.4542618,1199.7979139437,8784.16969507865
3851.44746,0.00319133268049689,1318855.497287,1203.10407650521,8792.36998191335
3851.45746,0.00320011678215098,1320086.7306368,1206.41560481219,8800.57820424534
3851.46746,0.00320891511688702,1321319.15431119,1209.73249886466,8808.79436207458
3851.47745,0.003217727684705,1322552.76831016,1213.05475866261,8817.01845540109
3851.48745,0.00322655448560492,1323787.57263373,1216.38238420603,8825.25048422488
3851.49745,0.0032353955195868,1325023.56728189,1219.71537549495,8833.49044854593
3851.50745,0.00324425078665062,1326260.75225464,1223.05373252934,8841.73834836424
3851.51744,0.00325312028679639,1327499.12755198,1226.39745530921,8849.99418367984
3851.52744,0.00326200402002411,1328738.6931739,1229.74654383457,8858.25795449268
3851.53744,0.00327090198633377,1329979.44912042,1233.10099810541,8866.52966080281
3851.54744,0.00327981418572537,1331221.39539153,1236.46081812173,8874.8093026102
3851.55743,0.00328874061819893,1332464.53198723,1239.82600388353,8883.09687991485
3851.56743,0.00329768128375443,1333708.85890752,1243.19655539082,8891.39239271677
3851.57743,0.00330663618239188,1334954.3761524,1246.57247264359,8899.69584101598
3851.58743,0.00331560531411128,1336201.08372187,1249.95375564183,8908.00722481244
3851.59742,0.00332458867891262,1337448.98161593,1253.34040438556,8916.32654410617
3851.60742,0.00333358627679591,1338698.06983458,1256.73241887477,8924.65379889717
3851.61742,0.00334259810776115,1339948.34837782,1260.12979910947,8932.98898918544
3851.62741,0.00335162417180833,1341199.81724565,1263.53254508964,8941.33211497098
3851.63741,0.00336066446893746,1342452.47643807,1266.9406568153,8949.68317625377
3851.64741,0.00336971899914853,1343706.32595508,1270.35413428644,8958.04217303385
3851.65741,0.00337878776244156,1344961.36579668,1273.77297750306,8966.40910531119
3851.6674,0.00338787075881653,1346217.59596287,1277.19718646516,8974.7839730858
3851.6774,0.00339696798827344,1347475.01645365,1280.62676117274,8983.16677635767
3851.6874,0.00340607945081231,1348733.62726902,1284.06170162581,8991.55751512682
3851.6974,0.00341520514643311,1349993.42840898,1287.50200782436,8999.95618939323
3851.70739,0.00342434507513587,1351254.41987354,1290.94767976839,9008.36279915691
3851.71739,0.00343349923692057,1352516.60166268,1294.3987174579,9016.77734441786
3851.72739,0.00344266763178722,1353779.97377641,1297.85512089289,9025.19982517608
3851.73739,0.00345185025973582,1355044.53621473,1301.31689007337,9033.63024143156
3851.74738,0.00346104712076636,1356310.28897765,1304.78402499933,9042.06859318432
3851.75738,0.00347025821487885,1357577.23206515,1308.25652567076,9050.51488043434
3851.76738,0.00347948354207329,1358845.36547724,1311.73439208768,9058.96910318162
3851.77738,0.00348872310234968,1360114.68921393,1315.21762425009,9067.43126142619
3851.78737,0.003497976895708,1361385.2032752,1318.70622215797,9075.90135516801
3851.79737,0.00350724492214828,1362656.90766107,1322.20018581134,9084.37938440711
3851.80737,0.00351652718167051,1363929.80237152,1325.69951521019,9092.86534914347
3851.81737,0.00352582367427468,1365203.88740656,1329.20421035452,9101.3592493771
3851.82736,0.00353513439996079,1366479.1627662,1332.71427124433,9109.86108510799
3851.83736,0.00354445935872886,1367755.62845042,1336.22969787962,9118.37085633617
3851.84736,0.00355379855057887,1369033.28445924,1339.7504902604,9126.8885630616
3851.85735,0.00356315197551083,1370312.13079265,1343.27664838665,9135.41420528431
3851.86735,0.00357251963352473,1371592.16745064,1346.80817225839,9143.94778300428
3851.87735,0.00358190152462059,1372873.39443323,1350.34506187561,9152.48929622151
3851.88735,0.00359129764879838,1374155.8117404,1353.88731723831,9161.03874493602
3851.89734,0.00360070800605813,1375439.41937217,1357.4349383465,9169.5961291478
3851.90734,0.00361013259639981,1376724.21732853,1360.98792520016,9178.16144885684
3851.91734,0.00361957141982346,1378010.20560947,1364.54627779931,9186.73470406315
3851.92734,0.00362902447632904,1379297.38421501,1368.10999614394,9195.31589476673
3851.93733,0.00363849176591657,1380585.75314514,1371.67908023405,9203.90502096759
3851.94733,0.00364797328858605,1381875.31239985,1375.25353006965,9212.5020826657
3851.95733,0.00365746904433747,1383166.06197916,1378.83334565072,9221.10707986108
3851.96733,0.00366697903317084,1384458.00188306,1382.41852697728,9229.72001255374
3851.97732,0.00367650325508616,1385751.13211155,1386.00907404932,9238.34088074365
3851.98732,0.00368604171008343,1387045.45266463,1389.60498686684,9246.96968443085
3851.99732,0.00369559439816264,1388340.9635423,1393.20626542984,9255.60642361531
3852.00732,0.0037051613193238,1389637.66474455,1396.81290973833,9264.25109829703
3852.01731,0.00371474247356691,1390935.5562714,1400.42491979229,9272.90370847602
3852.02731,0.00372433786089196,1392234.63812284,1404.04229559174,9281.56425415228
3852.03731,0.00373394748129896,1393534.91029887,1407.66503713667,9290.23273532581
3852.04731,0.0037435713347879,1394836.37279949,1411.29314442708,9298.90915199661
3852.0573,0.00375320942135879,1396139.0256247,1414.92661746297,9307.59350416468
3852.0673,0.00376286174101163,1397442.8687745,1418.56545624435,9316.28579183001
3852.0773,0.00377252829374642,1398747.90224889,1422.20966077121,9324.98601499261
3852.0873,0.00378220907956315,1400054.12604787,1425.85923104355,9333.69417365248
3852.09729,0.00379190409846183,1401361.54017144,1429.51416706137,9342.41026780963
3852.10729,0.00380161335044246,1402670.1446196,1433.17446882467,9351.13429746403
3852.11729,0.00381133683550503,1403979.93939235,1436.84013633345,9359.8662626157
3852.12728,0.00382107455364955,1405290.9244897,1440.51116958772,9368.60616326466
3852.13728,0.00383082650487602,1406603.09991163,1444.18756858747,9377.35399941086
3852.14728,0.00384059268918443,1407916.46565815,1447.8693333327,9386.10977105433
3852.15728,0.00385037310657479,1409231.02172926,1451.55646382341,9394.87347819508
3852.16727,0.0038601677570471,1410546.76812497,1455.2489600596,9403.6451208331
3852.17727,0.00386997664060135,1411863.70484526,1458.94682204128,9412.42469896838
3852.18727,0.00387979975723755,1413181.83189014,1462.65004976843,9421.21221260094
3852.19727,0.0038896371069557,1414501.14925961,1466.35864324107,9430.00766173076
3852.20726,0.00389948868975579,1415821.65695368,1470.07260245919,9438.81104635784
3852.21726,0.00390935450563783,1417143.35497233,1473.79192742279,9447.6223664822
3852.22726,0.00391923455460182,1418466.24331557,1477.51661813188,9456.44162210382
3852.23726,0.00392912883664775,1419790.32198341,1481.24667458645,9465.26881322272
3852.24725,0.00393903735177563,1421115.59097583,1484.98209678649,9474.10393983887
3852.25725,0.00394896009998546,1422442.05029285,1488.72288473202,9482.94700195231
3852.26725,0.00395889708127723,1423769.69993445,1492.46903842303,9491.797999563
3852.27725,0.00396884829565095,1425098.53990065,1496.22055785953,9500.65693267097
3852.28724,0.00397881374310662,1426428.57019143,1499.9774430415,9509.52380127621
3852.29724,0.00398879342364423,1427759.79080681,1503.73969396896,9518.39860537871
3852.30724,0.00399878733726379,1429092.20174677,1507.5073106419,9527.28134497847
3852.31724,0.0040087954839653,1430425.80301133,1511.28029306032,9536.17202007551
3852.32723,0.00401881786374876,1431760.59460047,1515.05864122422,9545.07063066982
3852.33723,0.00402885447661416,1433096.57651421,1518.84235513361,9553.97717676139
3852.34723,0.00403890532256151,1434433.74875254,1522.63143478847,9562.89165835024
3852.35722,0.0040489704015908,1435772.11131545,1526.42588018882,9571.81407543635
3852.36722,0.00405904971370204,1437111.66420296,1530.22569133465,9580.74442801972
3852.37722,0.00406914325889523,1438452.40741506,1534.03086822596,9589.68271610037
3852.38722,0.00407925103717036,1439794.34095174,1537.84141086275,9598.62893967827
3852.39721,0.00408937304852744,1441137.46481302,1541.65731924503,9607.58309875346
3852.40721,0.00409950929296647,1442481.77899889,1545.47859337279,9616.54519332592
3852.41721,0.00410965977048745,1443827.28350935,1549.30523324603,9625.51522339564
3852.42721,0.00411982448109037,1445173.97834439,1553.13723886475,9634.49318896263
3852.4372,0.00413000342477524,1446521.86350403,1556.97461022895,9643.47909002687
3852.4472,0.00414019660154205,1447870.93898826,1560.81734733863,9652.47292658839
3852.4572,0.00415040401139081,1449221.20479708,1564.6654501938,9661.47469864719
3852.4672,0.00416062565432153,1450572.66093049,1568.51891879445,9670.48440620325
3852.47719,0.00417086153033418,1451925.30738849,1572.37775314058,9679.50204925659
3852.48719,0.00418111163942878,1453279.14417108,1576.24195323219,9688.52762780718
3852.49719,0.00419137598160533,1454634.17127826,1580.11151906928,9697.56114185504
3852.50719,0.00420165455686382,1455990.38871003,1583.98645065185,9706.60259140018
3852.51718,0.00421194736520426,1457347.79646639,1587.86674797991,9715.65197644257
3852.52718,0.00422225440662666,1458706.39454734,1591.75241105345,9724.70929698224
3852.53718,0.00423257568113099,1460066.18295288,1595.64343987247,9733.77455301919
3852.54718,0.00424291118871728,1461427.16168301,1599.53983443698,9742.84774455339
3852.55717,0.0042532609293855,1462789.33073773,1603.44159474696,9751.92887158486
3852.56717,0.00426362490313568,1464152.69011704,1607.34872080242,9761.0179341136
3852.57717,0.00427400310996781,1465517.23982094,1611.26121260338,9770.11493213962
3852.58716,0.00428439554988188,1466882.97984943,1615.1790701498,9779.21986566289
3852.59716,0.00429480222287789,1468249.91020251,1619.10229344171,9788.33273468343
3852.60716,0.00430522312895586,1469618.03088019,1623.03088247911,9797.45353920125
3852.61716,0.00431565826811576,1470987.34188245,1626.96483726198,9806.58227921633
3852.62715,0.00432610764035762,1472357.8432093,1630.90415779034,9815.71895472868
3852.63715,0.00433657124568142,1473729.53486074,1634.84884406418,9824.8635657383
3852.64715,0.00434704908408717,1475102.41683678,1638.7988960835,9834.01611224519
3852.65715,0.00435754115557487,1476476.4891374,1642.7543138483,9843.17659424934
3852.66714,0.00436804746014452,1477851.75176261,1646.71509735859,9852.34501175076
3852.67714,0.0043785679977961,1479228.20471242,1650.68124661435,9861.52136474945
3852.68714,0.00438910276852964,1480605.84798681,1654.6527616156,9870.70565324541
3852.69714,0.00439965177234512,1481984.68158579,1658.62964236233,9879.89787723863
3852.70713,0.00441021500924255,1483364.70550937,1662.61188885454,9889.09803672913
3852.71713,0.00442079247922193,1484745.91975753,1666.59950109223,9898.3061317169
3852.72713,0.00443138418228325,1486128.32433029,1670.59247907541,9907.52216220193
3852.73713,0.00444199011842652,1487511.91922764,1674.59082280407,9916.74612818423
3852.74712,0.00445261028765174,1488896.70444957,1678.59453227821,9925.97802966381
3852.75712,0.0044632446899589,1490282.67999609,1682.60360749783,9935.21786664063
3852.76712,0.00447389332534801,1491669.84586721,1686.61804846293,9944.46563911473
3852.77712,0.00448455619381908,1493058.20206292,1690.63785517351,9953.72134708613
3852.78711,0.00449523329537208,1494447.74858321,1694.66302762958,9962.98499055476
3852.79711,0.00450592463000703,1495838.4854281,1698.69356583113,9972.25656952066
3852.80711,0.00451663019772393,1497230.41259758,1702.72946977816,9981.53608398384
3852.81711,0.00452734999852278,1498623.53009164,1706.77073947067,9990.82353394428
3852.8271,0.00453808403240357,1500017.8379103,1710.81737490866,10000.118919402
3852.8371,0.0045488322993663,1501413.33605355,1714.86937609213,10009.422240357
3852.8471,0.00455959479941098,1502810.02452138,1718.92674302109,10018.7334968092
3852.85709,0.00457037153253762,1504207.90331381,1722.98947569553,10028.0526887587
3852.86709,0.0045811624987462,1505606.97243083,1727.05757411545,10037.3798162055
3852.87709,0.00459196769803672,1507007.23187244,1731.13103828085,10046.7148791496
3852.88709,0.00460278713040919,1508408.68163863,1735.20986819174,10056.0578775909
3852.89708,0.00461362079586361,1509811.32172942,1739.29406384811,10065.4088115295
3852.90708,0.00462446869439997,1511215.1521448,1743.38362524995,10074.7676809654
3852.91708,0.00463533082601829,1512620.17288477,1747.47855239728,10084.1344858985
3852.92708,0.00464620719071855,1514026.38394933,1751.5788452901,10093.5092263289
3852.93707,0.00465709778850075,1515433.78533848,1755.68450392839,10102.8919022565
3852.94707,0.00466800261936491,1516842.37705222,1759.79552831216,10112.2825136815
3852.95707,0.00467892168331101,1518252.15909055,1763.91191844142,10121.6810606037
3852.96707,0.00468985498033905,1519663.13145347,1768.03367431616,10131.0875430231
