Time,Velocity,Pressure,Gamma,Tau
5740.91563,0.00103987840892567,697042.888061097,392.024924412905,4646.95258707398
5740.92563,0.00103906580587642,697649.172728749,391.718580280525,4650.99448485833
5740.93562,0.00103827132733134,698257.208863062,391.419068925246,4655.04805908708
5740.94562,0.00103749497329043,698866.996464037,391.126390347066,4659.11330976025
5740.95562,0.0010367367437537,699478.535531673,390.840544545987,4663.19023687782
5740.96562,0.00103599663872114,700091.82606597,390.561531522007,4667.2788404398
5740.97561,0.00103527465819276,700706.86806693,390.289351275127,4671.3791204462
5740.98561,0.00103457080216855,701323.66153455,390.024003805347,4675.491076897
5740.99561,0.00103388507064852,701942.206468832,389.765489112668,4679.61470979222
5741.00561,0.00103321746363267,702562.502869776,389.513807197088,4683.75001913184
5741.0156,0.00103256798112099,703184.550737381,389.268958058609,4687.89700491587
5741.0256,0.00103193662311348,703808.350071647,389.030941697228,4692.05566714431
5741.0356,0.00103132338961015,704433.900872574,388.799758112948,4696.22600581716
5741.0456,0.00103072828061099,705061.203140164,388.575407305769,4700.40802093443
5741.05559,0.00103015129611601,705690.256874414,388.357889275689,4704.60171249609
5741.06559,0.00102959243612521,706321.062075326,388.14720402271,4708.80708050217
5741.07559,0.00102905170063858,706953.6187429,387.943351546829,4713.02412495266
5741.08559,0.00102852908965612,707587.926877135,387.746331848049,4717.25284584756
5741.09558,0.00102802460317784,708223.986478031,387.556144926369,4721.49324318687
5741.10558,0.00102753824120374,708861.797545589,387.37279078179,4725.74531697059
5741.11558,0.00102707000373381,709501.360079807,387.196269414309,4730.00906719872
5741.12558,0.00102661989076805,710142.674080688,387.026580823929,4734.28449387125
5741.13557,0.00102618790230648,710785.739548229,386.863725010649,4738.5715969882
5741.14557,0.00102577403834907,711430.556482433,386.707701974469,4742.87037654956
5741.15557,0.00102537829889584,712077.124883298,386.558511715389,4747.18083255532
5741.16556,0.00102500068394679,712725.444750824,386.416154233409,4751.50296500549
5741.17556,0.00102464119350191,713375.516085012,386.280629528529,4755.83677390008
5741.18556,0.00102429982756121,714027.338885861,386.151937600749,4760.18225923907
5741.19556,0.00102397658612468,714680.913153372,386.030078450068,4764.53942102248
5741.20555,0.00102367146919232,715336.238887544,385.915052076488,4768.90825925029
5741.21555,0.00102338447676414,715993.316088377,385.806858480008,4773.28877392251
5741.22555,0.00102311560884014,716652.144755872,385.705497660628,4777.68096503915
5741.23555,0.00102286486542031,717312.724890028,385.610969618348,4782.08483260019
5741.24554,0.00102263224650466,717975.056490846,385.523274353167,4786.50037660564
5741.25554,0.00102241775209318,718639.139558325,385.442411865087,4790.9275970555
5741.26554,0.00102222138218588,719304.974092466,385.368382154107,4795.36649394977
5741.27554,0.00102204313678275,719972.560093268,385.301185220226,4799.81706728845
5741.28553,0.0010218830158838,720641.897560731,385.240821063446,4804.27931707154
5741.29553,0.00102174101948902,721312.986494856,385.187289683766,4808.75324329904
5741.30553,0.00102161714759842,721985.826895642,385.140591081185,4813.23884597095
5741.31553,0.00102151140021199,722660.41876309,385.100725255705,4817.73612508727
5741.32552,0.00102142377732973,723336.762097199,385.067692207324,4822.24508064799
5741.33552,0.00102135427895166,724014.856897969,385.041491936043,4826.76571265313
5741.34552,0.00102130290507776,724694.703165401,385.022124441863,4831.29802110268
5741.35552,0.00102126965570803,725376.300899495,385.009589724783,4835.84200599663
5741.36551,0.00102125453084248,726059.65010025,385.003887784802,4840.397667335
5741.37551,0.0010212575304811,726744.750767666,385.005018621921,4844.96500511777
5741.38551,0.0010212786546239,727431.602901744,385.01298223614,4849.54401934496
5741.39551,0.00102131790327087,728120.206502483,385.02777862746,4854.13471001655
5741.4055,0.00102137527642202,728810.561569884,385.049407795879,4858.73707713256
5741.4155,0.00102145077407734,729502.668103946,385.077869741398,4863.35112069297
5741.4255,0.00102154439623684,730196.526104669,385.113164464018,4867.97684069779
5741.43549,0.00102165614290051,730892.135572055,385.155291963737,4872.61423714703
5741.44549,0.00102178601406836,731589.496506101,385.204252240556,4877.26331004067
5741.45549,0.00102193400974039,732288.608906809,385.260045294475,4881.92405937873
5741.46549,0.00102210012991659,732989.472774178,385.322671125495,4886.59648516118
5741.47548,0.00102228437459696,733692.088108208,385.392129733614,4891.28058738805
5741.48548,0.00102248674378151,734396.454908901,385.468421118833,4895.97636605934
5741.49548,0.00102270723747023,735102.573176253,385.551545281152,4900.68382117502
5741.50548,0.00102294585566313,735810.442910268,385.641502220571,4905.40295273512
5741.51547,0.00102320259836021,736520.064110944,385.73829193709,4910.13376073963
5741.52547,0.00102347746556146,737231.436778282,385.841914430709,4914.87624518855
5741.53547,0.00102377045726688,737944.560912282,385.952369701428,4919.63040608188
5741.54547,0.00102408157347648,738659.436512943,386.069657749247,4924.39624341962
5741.55546,0.00102441081419026,739376.063580264,386.193778574166,4929.17375720176
5741.56546,0.00102475817940821,740094.442114248,386.324732176185,4933.96294742832
5741.57546,0.00102512366913033,740814.572114893,386.462518555304,4938.76381409929
5741.58546,0.00102550728335663,741536.453582198,386.607137711523,4943.57635721466
5741.59545,0.00102590902208711,742260.086516167,386.758589644842,4948.40057677445
5741.60545,0.00102632888532176,742985.470916796,386.91687435526,4953.23647277864
5741.61545,0.00102676687306058,743712.606784087,387.08199184278,4958.08404522725
5741.62545,0.00102722298530359,744441.494118039,387.253942107398,4962.94329412026
5741.63544,0.00102769722205076,745172.132918652,387.432725149117,4967.81421945768
5741.64544,0.00102818958330211,745904.523185927,387.618340967935,4972.69682123951
5741.65544,0.00102870006905764,746638.664919863,387.810789563854,4977.59109946576
5741.66543,0.00102922867931734,747374.558120461,388.010070936873,4982.49705413641
5741.67543,0.00102977541408121,748112.20278772,388.216185086992,4987.41468525147
5741.68543,0.00103034027334927,748851.598921641,388.42913201421,4992.34399281094
5741.69543,0.00103092325712149,749592.746522223,388.648911718529,4997.28497681482
5741.70542,0.00103152436539789,750335.645589467,388.875524199948,5002.23763726312
5741.71542,0.00103214359817847,751080.296123372,389.108969458466,5007.20197415581
5741.72542,0.00103278095546322,751826.698123938,389.349247494085,5012.17798749292
5741.73542,0.00103343643725215,752574.851591166,389.596358306803,5017.16567727444
5741.74541,0.00103411004354525,753324.756525055,389.850301896622,5022.16504350037
5741.75541,0.00103480177434253,754076.412925605,390.11107826354,5027.1760861707
5741.76541,0.00103551162964398,754829.820792818,390.378687407559,5032.19880528545
5741.77541,0.00103623960944961,755584.980126691,390.653129328677,5037.23320084461
5741.7854,0.00103698571375941,756341.890927226,390.934404026896,5042.27927284818
5741.7954,0.00103774994257339,757100.553194423,391.222511502214,5047.33702129615
5741.8054,0.00103853229589154,757860.96692828,391.517451754632,5052.40644618854
5741.8154,0.00103933277371387,758623.132128799,391.819224784151,5057.48754752533
5741.82539,0.00104015137604037,759387.04879598,392.127830590769,5062.58032530653
5741.83539,0.00104098810287105,760152.716929822,392.443269174487,5067.68477953215
5741.84539,0.0010418429542059,760920.136530326,392.765540535306,5072.80091020217
5741.85539,0.00104271593004493,761689.307597491,393.094644673224,5077.92871731661
5741.86538,0.00104360703038813,762460.230131317,393.430581588242,5083.06820087545
5741.87538,0.00104451625523551,763232.904131805,393.773351280361,5088.2193608787
5741.88538,0.00104544360458706,764007.329598955,394.122953749578,5093.38219732636
5741.89537,0.00104638907844279,764783.506532765,394.479388995897,5098.55671021843
5741.90537,0.0010473526768027,765561.434933237,394.842657019315,5103.74289955492
5741.91537,0.00104833439966678,766341.114800371,395.212757819833,5108.9407653358
5741.92537,0.00104933424703503,767122.546134165,395.589691397451,5114.1503075611
5741.93536,0.00105035221890746,767905.728934622,395.973457752169,5119.37152623082
5741.94536,0.00105138831528406,768690.66320174,396.364056883987,5124.60442134493
5741.95536,0.00105244253616484,769477.348935519,396.761488792906,5129.84899290346
5741.96536,0.0010535148815498,770265.786135959,397.165753478923,5135.1052409064
5741.97535,0.00105460535143892,771055.974803062,397.576850942041,5140.37316535375
5741.98535,0.00105571394583223,771847.914936826,397.994781182259,5145.65276624551
5741.99535,0.00105684066472971,772641.606537251,398.419544199577,5150.94404358167
5742.00535,0.00105798550813136,773437.049604337,398.851139993995,5156.24699736225
5742.01534,0.00105914847603719,774234.244138084,399.289568565513,5161.56162758723
5742.02534,0.0010603295684472,775033.190138493,399.734829914131,5166.88793425662
5742.03534,0.00106152878536138,775833.887605565,400.186924039848,5172.22591737043
5742.04534,0.00106274612677973,776636.336539297,400.645850942667,5177.57557692865
5742.05533,0.00106398159270226,777440.53693969,401.111610622584,5182.93691293127
5742.06533,0.00106523518312897,778246.488806745,401.584203079602,5188.3099253783
5742.07533,0.00106650689805985,779054.192140462,402.06362831372,5193.69461426974
5742.08533,0.00106779673749491,779863.64694084,402.549886324937,5199.0909796056
5742.09532,0.00106910470143414,780674.85320788,403.042977113255,5204.49902138586
5742.10532,0.00107043078987754,781487.81094158,403.542900678673,5209.91873961053
5742.11532,0.00107177500282512,782302.520141942,404.04965702119,5215.35013427961
5742.12532,0.00107313734027688,783118.980808966,404.563246140808,5220.7932053931
5742.13531,0.00107451780223281,783937.19294265,405.083668037525,5226.247952951
5742.14531,0.00107591638869292,784757.156542997,405.610922711343,5231.71437695331
5742.15531,0.0010773330996572,785578.871610005,406.14501016226,5237.19247740003
5742.1653,0.00107876793512565,786402.338143674,406.685930390278,5242.68225429116
5742.1753,0.00108022089509828,787227.556144005,407.233683395395,5248.1837076267
5742.1853,0.00108169197957509,788054.525610997,407.788269177613,5253.69683740665
5742.1953,0.00108318118855607,788883.246544651,408.349687736931,5259.221643631
5742.20529,0.00108468852204123,789713.718944965,408.917939073348,5264.75812629977
5742.21529,0.00108621398003056,790545.942811942,409.493023186866,5270.30628541295
5742.22529,0.00108775756252407,791379.91814558,410.074940077482,5275.86612097053
5742.23529,0.00108931926952175,792215.644945879,410.6636897452,5281.43763297252
5742.24528,0.00109089910102361,793053.12321284,411.259272190017,5287.02082141894
5742.25528,0.00109249705702964,793892.352946462,411.861687411935,5292.61568630974
5742.26528,0.00109411313753985,794733.334146746,412.470935410952,5298.22222764497
5742.27528,0.00109574734255423,795576.066813691,413.087016187069,5303.84044542461
5742.28527,0.00109739967207279,796420.550947296,413.709929740286,5309.47033964864
5742.29527,0.00109907012609552,797266.786547565,414.339676070604,5315.1119103171
5742.30527,0.00110075870462243,798114.773614494,414.976255178021,5320.76515742996
5742.31527,0.00110246540765351,798964.512148085,415.619667062538,5326.43008098723
5742.32526,0.00110419023518877,799816.002148337,416.269911724155,5332.10668098891
5742.33526,0.0011059331872282,800669.243615251,416.926989162872,5337.79495743501
5742.34526,0.00110769426377181,801524.236548826,417.590899378689,5343.49491032551
5742.35526,0.0011094734648196,802380.980949063,418.261642371607,5349.20653966042
5742.36525,0.00111127079037155,803239.476815961,418.939218141624,5354.92984543974
5742.37525,0.00111308624042769,804099.72414952,419.623626688741,5360.66482766346
5742.38525,0.001114919814988,804961.722949741,420.314868012958,5366.41148633161
5742.39524,0.00111677151405248,805825.473216623,421.012942114274,5372.16982144415
5742.40524,0.00111864133762114,806690.974950166,421.717848992692,5377.93983300111
5742.41524,0.00112052928569397,807558.228150371,422.429588648208,5383.72152100247
5742.42524,0.00112243535827098,808427.232817237,423.148161080826,5389.51488544825
5742.43523,0.00112435955535217,809297.988950766,423.873566290542,5395.31992633844
5742.44523,0.00112630187693752,810170.496550955,424.605804277359,5401.13664367303
5742.45523,0.00112826232302706,811044.755617805,425.344875041276,5406.96503745203
5742.46523,0.00113024089362077,811920.766151317,426.090778582293,5412.80510767545
5742.47522,0.00113223758871866,812798.528151492,426.84351490041,5418.65685434328
5742.48522,0.00113425240832071,813678.041618327,427.603083995626,5424.52027745551
5742.49522,0.00113628535242695,814559.306551823,428.369485867943,5430.39537701215
5742.50522,0.00113833642103736,815442.322951981,429.14272051736,5436.28215301321
5742.51521,0.00114040561415194,816327.0908188,429.922787943876,5442.18060545867
5742.52521,0.0011424929317707,817213.610152281,430.709688147493,5448.09073434854
5742.53521,0.00114459837389364,818101.880952424,431.50342112821,5454.01253968283
5742.54521,0.00114672194052075,818991.903219227,432.303986886027,5459.94602146152
5742.5552,0.00114886363165204,819883.676952692,433.111385420943,5465.89117968461
5742.5652,0.0011510234472875,820777.202152819,433.92561673296,5471.84801435212
5742.5752,0.00115320138742713,821672.478819606,434.746680822076,5477.81652546404
5742.5852,0.00115539745207094,822569.506953056,435.574577688293,5483.79671302037
5742.59519,0.00115761164121893,823468.286553166,436.409307331609,5489.78857702111
5742.60519,0.00115984395487109,824368.817619939,437.250869752026,5495.79211746626
5742.61519,0.00116209439302743,825271.100153373,438.099264949542,5501.80733435582
5742.62518,0.00116436295568794,826175.134153468,438.954492924158,5507.83422768979
5742.63518,0.00116664964285262,827080.919620225,439.816553675875,5513.87279746816
5742.64518,0.00116895445452148,827988.456553642,440.685447204691,5519.92304369095
5742.65518,0.00117127739069452,828897.744953721,441.561173510608,5525.98496635814
5742.66517,0.00117361845137173,829808.784820462,442.443732593624,5532.05856546975
5742.67517,0.00117597763655312,830721.576153865,443.333124453741,5538.14384102577
5742.68517,0.00117835494623868,831636.118953928,444.229349090957,5544.24079302619
5742.69517,0.00118075038042842,832552.413220653,445.132406505272,5550.34942147102
5742.70516,0.00118316393912233,833470.45895404,446.042296696689,5556.46972636027
5742.71516,0.00118559562232042,834390.256154089,446.959019665205,5562.60170769392
5742.72516,0.00118804543002268,835311.804820797,447.882575410822,5568.74536547198
5742.73516,0.00119051336222912,836235.104954168,448.812963933538,5574.90069969446
5742.74515,0.00119299941893973,837160.1565542,449.750185233354,5581.06771036133
5742.75515,0.00119550360015452,838086.959620894,450.69423931027,5587.24639747263
5742.76515,0.00119802590587348,839015.514154249,451.645126164286,5593.43676102833
5742.77515,0.00120056633609662,839945.820154265,452.602845795402,5599.63880102844
5742.78514,0.00120312489082393,840877.877620944,453.567398203618,5605.85251747296
5742.79514,0.00120570157005542,841811.686554283,454.538783388934,5612.07791036189
5742.80514,0.00120829637379108,842747.246954284,455.51700135135,5618.31497969523
5742.81514,0.00121090930203092,843684.558820946,456.502052090866,5624.56372547297
5742.82513,0.00121354035477493,844623.622154269,457.493935607482,5630.82414769513
5742.83513,0.00121618953202312,845564.436954255,458.492651901198,5637.0962463617
5742.84513,0.00121885683377549,846507.003220902,459.498200972014,5643.38002147268
5742.85513,0.00122154226003202,847451.32095421,460.51058281993,5649.67547302807
5742.86512,0.00122424581079274,848397.390154179,461.529797444946,5655.98260102786
5742.87512,0.00122696748605763,849345.21082081,462.555844847062,5662.30140547206
5742.88512,0.00122970728582669,850294.782954102,463.588725026277,5668.63188636068
5742.89511,0.00123246521009993,851246.106554056,464.628437982593,5674.9740436937
5742.90511,0.00123524125887735,852199.181620671,465.674983716009,5681.32787747114
5742.91511,0.00123803543215893,853154.008153948,466.728362226525,5687.69338769299
5742.92511,0.0012408477299447,854110.586153886,467.78857351414,5694.07057435924
5742.9351,0.00124367815223464,855068.915620485,468.855617578856,5700.4594374699
5742.9451,0.00124652669902875,856028.996553746,469.929494420672,5706.85997702497
5742.9551,0.00124939337032704,856990.828953668,471.010204039588,5713.27219302445
5742.9651,0.00125227816612951,857954.412820252,472.097746435603,5719.69608546835
5742.97509,0.00125518108643615,858919.748153497,473.192121608719,5726.13165435664
5742.98509,0.00125810213124696,859886.834953403,474.293329558934,5732.57889968935
5742.99509,0.00126104130056195,860855.673219972,475.40137028625,5739.03782146648
5743.00509,0.00126399859438112,861826.2629532,476.516243790665,5745.508419688
5743.01508,0.00126697401270446,862798.604153092,477.637950072181,5751.99069435395
5743.02508,0.00126996755553198,863772.696819644,478.766489130797,5758.48464546429
5743.03508,0.00127297922286367,864748.540952858,479.901860966512,5764.99027301906
5743.04508,0.00127600901469953,865726.136552733,481.044065579327,5771.50757701822
5743.05507,0.00127905693103957,866705.483619269,482.193102969242,5778.0365574618
5743.06507,0.00128212297188379,867686.582152467,483.348973136258,5784.57721434978
5743.07507,0.00128520713723218,868669.432152327,484.511676080373,5791.12954768218
5743.08507,0.00128830942708474,869654.033618848,485.681211801588,5797.69355745899
5743.09506,0.00129142984144149,870640.38655203,486.857580299904,5804.2692436802
5743.10506,0.0012945683803024,871628.490951874,488.04078157532,5810.85660634583
5743.11506,0.00129772504366749,872618.346818379,489.230815627835,5817.45564545586
5743.12505,0.00130089983153676,873609.954151546,490.42768245745,5824.06636101031
5743.13505,0.0013040927439102,874603.312951374,491.631382064166,5830.68875300916
5743.14505,0.00130730378078782,875598.423217864,492.84191444798,5837.32282145243
5743.15505,0.00131053294216961,876595.284951014,494.059279608896,5843.96856634009
5743.16504,0.00131378022805558,877593.898150826,495.283477546911,5850.62598767218
5743.17504,0.00131704563844572,878594.2628173,496.514508262026,5857.29508544867
5743.18504,0.00132032917334004,879596.378950436,497.752371754241,5863.97585966957
5743.19504,0.00132363083273853,880600.246550232,498.997068023557,5870.66831033488
5743.20503,0.0013269506166412,881605.865616691,500.248597069971,5877.3724374446
5743.21503,0.00133028852504804,882613.236149809,501.506958893486,5884.08824099873
5743.22503,0.00133364455795906,883622.35814959,502.772153494102,5890.81572099727
5743.23503,0.00133701871537425,884633.231616033,504.044180871816,5897.55487744022
5743.24502,0.00134041099729362,885645.856549136,505.323041026632,5904.30571032757
5743.25502,0.00134382140371716,886660.232948903,506.608733958546,5911.06821965935
5743.26502,0.00134724993464488,887676.360815329,507.901259667561,5917.84240543552
5743.27502,0.00135069659007677,888694.240148416,509.200618153676,5924.62826765611
5743.28501,0.00135416137001284,889713.870948166,510.506809416891,5931.42580632111
5743.29501,0.00135764427445308,890735.253214577,511.819833457206,5938.23502143052
5743.30501,0.0013611453033975,891758.386947649,513.139690274621,5945.05591298433
5743.31501,0.00136466445684609,892783.272147383,514.466379869135,5951.88848098255
5743.325,0.00136820173479886,893809.908813778,515.79990224075,5958.73272542519
5743.335,0.00137175713725581,894838.296946835,517.140257389465,5965.58864631223
5743.345,0.00137533066421693,895868.436546553,518.48744531528,5972.45624364369
5743.35499,0.00137892231568222,896900.327612932,519.841466018194,5979.33551741955
5743.36499,0.00138253209165169,897933.970145973,521.202319498209,5986.22646763982
5743.37499,0.00138615999212533,898969.364145675,522.570005755324,5993.1290943045
5743.38499,0.00138980601710315,900006.50961204,523.944524789538,6000.0433974136
5743.39498,0.00139347016658515,901045.406545065,525.325876600853,6006.9693769671
5743.40498,0.00139715244057132,902086.054944752,526.714061189268,6013.90703296501
5743.41498,0.00140085283906166,903128.454811099,528.109078554782,6020.85636540733
5743.42498,0.00140457136205618,904172.606144109,529.510928697397,6027.81737429406
5743.43497,0.00140830800955488,905218.508943779,530.919611617111,6034.7900596252
5743.44497,0.00141206278155775,906266.163210112,532.335127313926,6041.77442140075
5743.45497,0.00141583567806479,907315.568943106,533.75747578784,6048.77045962071
5743.46497,0.00141962669907601,908366.726142761,535.186657038854,6055.77817428508
5743.47496,0.00142343584459141,909419.634809078,536.622671066969,6062.79756539386
5743.48496,0.00142726311461098,910474.294942057,538.065517872183,6069.82863294705
5743.49496,0.00143110850913472,911530.706541695,539.515197454498,6076.87137694464
5743.50496,0.00143497202816264,912588.869607996,540.971709813912,6083.92579738664
5743.51495,0.00143885367169474,913648.784140959,542.435054950427,6090.99189427306
5743.52495,0.00144275343973101,914710.450140583,543.905232864041,6098.06966760389
5743.53495,0.00144667133227146,915773.867606868,545.382243554756,6105.15911737912
5743.54495,0.00145060734931608,916839.036539815,546.866087022569,6112.26024359876
5743.55494,0.00145456149086487,917905.956939423,548.356763267484,6119.37304626282
5743.56494,0.00145853375691784,918974.628805692,549.854272289498,6126.49752537128
5743.57494,0.00146252414747499,920045.052138623,551.358614088612,6133.63368092415
5743.58494,0.00146653266253631,921117.226938215,552.869788664827,6140.78151292144
5743.59493,0.00147055930210181,922191.153204469,554.38779601814,6147.94102136313
5743.60493,0.00147460406617148,923266.830937385,555.912636148554,6155.11220624923
5743.61493,0.00147866695474532,924344.260136961,557.444309056069,6162.29506757974
5743.62492,0.00148274796782335,925423.440803199,558.982814740682,6169.48960535466
5743.63492,0.00148684710540554,926504.372936099,560.528153202397,6176.695819574
5743.64492,0.00149096436749192,927587.056535661,562.080324441211,6183.91371023774
5743.65492,0.00149509975408246,928671.491601882,563.639328457125,6191.14327734588
5743.66491,0.00149925326517719,929757.678134766,565.205165250139,6198.38452089844
5743.67491,0.00150342490077608,930845.616134311,566.777834820253,6205.63744089541
5743.68491,0.00150761466087916,931935.305600518,568.357337167467,6212.90203733678
5743.69491,0.0015118225454864,933026.746533387,569.94367229178,6220.17831022258
5743.7049,0.00151604855459783,934119.938932916,571.536840193194,6227.46625955277
5743.7149,0.00152029268821342,935214.882799107,573.136840871708,6234.76588532738
5743.7249,0.0015245549463332,936311.57813196,574.743674327322,6242.0771875464
5743.7349,0.00152883532895714,937410.024931474,576.357340560035,6249.40016620982
5743.74489,0.00153313383608527,938510.223197648,577.977839569849,6256.73482131765
5743.75489,0.00153745046771757,939612.172930485,579.605171356763,6264.0811528699
5743.76489,0.00154178522385404,940715.874129983,581.239335920777,6271.43916086656
5743.77489,0.00154613810449469,941821.326796143,582.880333261891,6278.80884530762
5743.78488,0.00155050910963951,942928.530928964,584.528163380104,6286.19020619309
5743.79488,0.00155489823928851,944037.486528447,586.182826275418,6293.58324352298
5743.80488,0.00155930549344168,945148.19359459,587.844321947832,6300.98795729727
5743.81488,0.00156373087209903,946260.652127395,589.512650397346,6308.40434751597
5743.82487,0.00156817437526056,947374.862126862,591.187811623959,6315.83241417908
5743.83487,0.00157263600292625,948490.82359299,592.869805627673,6323.2721572866
5743.84487,0.00157711575509613,949608.53652578,594.558632408486,6330.72357683853
5743.85486,0.00158161363177018,950728.000925231,596.2542919664,6338.18667283487
5743.86486,0.0015861296329484,951849.216791343,597.956784301414,6345.66144527562
5743.87486,0.0015906637586308,952972.184124117,599.666109413527,6353.14789416078
5743.88486,0.00159521600881738,954096.902923553,601.38226730274,6360.64601949035
5743.89485,0.00159978638350813,955223.373189649,603.105257969054,6368.15582126433
5743.90485,0.00160437488270305,956351.594922408,604.835081412467,6375.67729948272
5743.91485,0.00160898150640215,957481.568121827,606.571737632981,6383.21045414551
5743.92485,0.00161360625460543,958613.292787908,608.315226630594,6390.75528525272
5743.93484,0.00161824912731288,959746.768920651,610.065548405307,6398.31179280434
5743.94484,0.0016229101245245,960881.996520055,611.82270295712,6405.87997680037
5743.95484,0.0016275892462403,962018.975586119,613.586690286034,6413.4598372408
5743.96484,0.00162894020274666,963202.988547143,614.095988890316,6421.35325698095
5743.97483,0.00163364407534219,964343.810034156,615.869307081062,6428.95873356104
5743.98483,0.00163836643271289,965486.378122511,617.64959386787,6436.57585415007
5743.99483,0.00164310727485874,966630.69281221,619.43684925074,6444.20461874807
5744.00483,0.00164786660177975,967776.754103255,621.23107322967,6451.84502735503
5744.01482,0.00165264441347593,968924.561995641,623.032265804662,6459.49707997094
5744.02482,0.00165744070994726,970074.116489372,624.840426975716,6467.16077659581
5744.03482,0.00166225549119375,971225.417584447,626.65555674283,6474.83611722965
5744.04482,0.00166708875721541,972378.465280866,628.477655106007,6482.52310187244
5744.05481,0.00167194050801222,973533.259578628,630.306722065244,6490.22173052419
5744.06481,0.00167681074358419,974689.800477734,632.142757620543,6497.9320031849
5744.07481,0.00168169946393132,975848.087978184,633.985761771903,6505.65391985456
5744.08481,0.00168660666905361,977008.122079978,635.835734519325,6513.38748053319
5744.0948,0.00169153235895106,978169.902783116,637.692675862807,6521.13268522077
5744.1048,0.00169647653362367,979333.430087598,639.556585802351,6528.88953391732
5744.1148,0.00170143919307144,980498.703993422,641.427464337957,6536.65802662282
5744.12479,0.00170642033729437,981665.724500592,643.305311469624,6544.43816333728
5744.13479,0.00171141996629245,982834.491609105,645.190127197352,6552.2299440607
5744.14479,0.0017164380800657,984005.005318962,647.081911521142,6560.03336879308
5744.15479,0.00172147467861411,985177.265630162,648.980664440993,6567.84843753441
5744.16478,0.00172652976193768,986351.272542706,650.886385956905,6575.67515028471
5744.17478,0.0017316033300364,987527.026056595,652.799076068879,6583.51350704397
5744.18478,0.00173669538291029,988704.526171827,654.718734776913,6591.36350781218
5744.19478,0.00174180592055934,989883.772888402,656.64536208101,6599.22515258934
5744.20477,0.00174693494298354,991064.766206322,658.578957981168,6607.09844137548
5744.21477,0.0017520824501829,992247.506125586,660.519522477386,6614.98337417057
5744.22477,0.00175724844215743,993431.992646194,662.467055569667,6622.87995097462
5744.23477,0.00176243291890712,994618.225768144,664.421557258009,6630.78817178763
5744.24476,0.00176763588043196,995806.205491439,666.383027542412,6638.7080366096
5744.25476,0.00177285732673196,996995.931816078,668.351466422876,6646.63954544052
5744.26476,0.00177809725780712,998187.404742061,670.326873899402,6654.5826982804
5744.27476,0.00178335567365745,999380.624269387,672.30924997199,6662.53749512925
5744.28475,0.00178863257428293,1000575.59039806,674.298594640638,6670.50393598705
5744.29475,0.00179392795968357,1001772.30312807,676.294907905348,6678.48202085381
5744.30475,0.00179924182985937,1002970.76245943,678.298189766119,6686.47174972953
5744.31475,0.00180457418481033,1004170.96839213,680.308440222952,6694.47312261421
5744.32474,0.00180992502453645,1005372.92092618,682.325659275846,6702.48613950784
5744.33474,0.00181529434903773,1006576.62006157,684.349846924801,6710.51080041043
5744.34474,0.00182068215831417,1007782.0657983,686.381003169817,6718.547105322
5744.35473,0.00182608845236577,1008989.25813638,688.419128010896,6726.59505424251
5744.36473,0.00183151323119253,1010198.1970758,690.464221448034,6734.65464717198
5744.37473,0.00183695649479445,1011408.88261656,692.516283481235,6742.72588411041
5744.38473,0.00184241824317153,1012621.31475867,694.575314110497,6750.8087650578
5744.39472,0.00184789847632376,1013835.49350212,696.64131333582,6758.90329001415
5744.40472,0.00185339719425116,1015051.41884692,698.714281157206,6767.00945897945
5744.41472,0.00185891439695372,1016269.09079306,700.794217574651,6775.12727195372
5744.42472,0.00186445008443143,1017488.50934054,702.881122588159,6783.25672893694
5744.43471,0.00187000425668431,1018709.67448937,704.974996197727,6791.39782992913
5744.44471,0.00187557691371234,1019932.58623954,707.075838403358,6799.55057493027
5744.45471,0.00188116805551554,1021157.24459106,709.18364920505,6807.71496394037
5744.46471,0.00188677768209389,1022383.64954391,711.298428602802,6815.89099695943
5744.4747,0.00189240579344741,1023611.80109812,713.420176596616,6824.07867398745
5744.4847,0.00189805238957608,1024841.69925366,715.548893186492,6832.27799502443
5744.4947,0.00190371747047991,1026073.34401055,717.684578372429,6840.48896007036
5744.5047,0.00190940103615891,1027306.73536879,719.827232154427,6848.71156912526
5744.51469,0.00191510308661306,1028541.87332837,721.976854532486,6856.94582218911
5744.52469,0.00192082362184237,1029778.75788929,724.133445506607,6865.19171926192
5744.53469,0.00192656264184684,1031017.38905155,726.297005076789,6873.4492603437
5744.54469,0.00193232014662647,1032257.76681516,728.467533243033,6881.71844543443
5744.55468,0.00193809613618126,1033499.89118012,730.645030005338,6889.99927453412
5744.56468,0.00194389061051121,1034743.76214641,732.829495363704,6898.29174764276
5744.57468,0.00194970356961632,1035989.37971406,735.020929318132,6906.59586476037
5744.58467,0.00195553501349659,1037236.74388304,737.219331868621,6914.91162588694
5744.59467,0.00196138494215202,1038485.85465337,739.424703015171,6923.23903102246
5744.60467,0.00196725335558261,1039736.71202504,741.637042757783,6931.57808016694
5744.61467,0.00197314025378836,1040989.31599806,743.856351096456,6939.92877332038
5744.62466,0.00197904563676926,1042243.66657242,746.082628031191,6948.29111048278
5744.63466,0.00198496950452533,1043499.76374812,748.315873561987,6956.66509165414
5744.64466,0.00199091185705656,1044757.60752517,750.556087688844,6965.05071683446
5744.65466,0.00199687269436295,1046017.19790356,752.803270411762,6973.44798602374
5744.66465,0.00200285201644449,1047278.5348833,755.057421730742,6981.85689922197
5744.67465,0.0020088498233012,1048541.61846438,757.318541645784,6990.27745642917
5744.68465,0.00201486611493306,1049806.4486468,759.586630156886,6998.70965764532
5744.69465,0.00202090089134009,1051073.02543057,761.861687264049,7007.15350287043
5744.70464,0.00202695415252227,1052341.34881568,764.143712967275,7015.6089921045
5744.71464,0.00203302589847962,1053611.41880213,766.432707266562,7024.07612534754
5744.72464,0.00203911612921212,1054883.23538993,768.72867016191,7032.55490259953
5744.73464,0.00204522484471978,1056156.79857907,771.031601653319,7041.04532386047
5744.74463,0.0020513520450026,1057432.10836956,773.341501740789,7049.54738913037
5744.75463,0.00205749773006059,1058709.16476139,775.658370424321,7058.06109840925
5744.76463,0.00206366189989373,1059987.96775456,777.982207703914,7066.58645169707
5744.77463,0.00206984455450203,1061268.51734908,780.313013579569,7075.12344899385
5744.78462,0.00207604569388549,1062550.81354494,782.650788051285,7083.67209029959
5744.79462,0.00208226531804411,1063834.85634214,784.995531119063,7092.23237561429
5744.80462,0.00208850342697789,1065120.64574069,787.347242782901,7100.80430493795
5744.81462,0.00209476002068683,1066408.18174058,789.705923042802,7109.38787827056
5744.82461,0.00210103509917093,1067697.46434182,792.071571898763,7117.98309561215
5744.83461,0.00210732866243019,1068988.4935444,794.444189350786,7126.58995696268
5744.84461,0.0021136407104646,1070281.26934833,796.823775398869,7135.20846232218
5744.8546,0.00211997124327418,1071575.79175359,799.210330043015,7143.83861169062
5744.8646,0.00212632026085892,1072872.06076021,801.603853283222,7152.48040506803
5744.8746,0.00213268776321882,1074170.07636816,804.00434511949,7161.1338424544
5744.8846,0.00213907375035387,1075469.83857746,806.41180555182,7169.79892384974
5744.89459,0.00214547822226409,1076771.3473881,808.826234580211,7178.47564925403
5744.90459,0.00215190117894947,1078074.60280009,811.247632204663,7187.16401866727
5744.91459,0.00215834262041,1079379.60481342,813.675998425176,7195.86403208947
5744.92459,0.0021648025466457,1080686.3534281,816.111333241752,7204.57568952064
5744.93458,0.00217128095765655,1081994.84864412,818.553636654388,7213.29899096077
5744.94458,0.00217777785344257,1083305.09046148,821.002908663086,7222.03393640985
5744.95458,0.00218429323400374,1084617.07888018,823.459149267845,7230.78052586789
5744.96458,0.00219082709934007,1085930.81390023,825.922358468665,7239.53875933489
5744.97457,0.00219737944945156,1087246.29552163,828.392536265546,7248.30863681084
5744.98457,0.00220395028433822,1088563.52374436,830.869682658489,7257.09015829576
5744.99457,0.00221053960400003,1089882.49856845,833.353797647494,7265.88332378964
5745.00457,0.002217147408437,1091203.21999387,835.844881232559,7274.68813329247
5745.01456,0.00222377369764913,1092525.68802064,838.342933413687,7283.50458680426
5745.02456,0.00223041847163642,1093849.90264875,840.847954190876,7292.33268432501
5745.03456,0.00223708173039887,1095175.86387821,843.359943564125,7301.17242585473
5745.04456,0.00224376347393648,1096503.57170901,845.878901533436,7310.02381139341
5745.05455,0.00225046370224925,1097833.02614115,848.404828098809,7318.88684094103
5745.06455,0.00225718241533718,1099164.22717464,850.937723260242,7327.76151449762
5745.07455,0.00226391961320027,1100497.17480947,853.477587017738,7336.64783206316
5745.08454,0.00227067529583852,1101831.86904565,856.024419371294,7345.54579363767
5745.09454,0.00227744946325193,1103168.30988317,858.578220320912,7354.45539922113
5745.10454,0.00228424211544049,1104506.49732203,861.138989866591,7363.37664881355
5745.11454,0.00229105325240422,1105846.43136224,863.706728008332,7372.30954241494
5745.12453,0.00229788287414311,1107188.11200379,866.281434746134,7381.25408002528
5745.13453,0.00230473098065715,1108531.53924669,868.863110079997,7390.21026164457
5745.14453,0.00231159757194636,1109876.71309092,871.451754009922,7399.17808727283
5745.15453,0.00231848264801072,1111223.63353651,874.047366535908,7408.15755691005
5745.16452,0.00232538620885025,1112572.30058343,876.649947657955,7417.14867055623
5745.17452,0.00233230825446493,1113922.7142317,879.259497376064,7426.15142821136
5745.18452,0.00233924878485478,1115274.87448132,881.876015690234,7435.16582987546
5745.19452,0.00234620780001978,1116628.78133227,884.499502600466,7444.1918755485
5745.20451,0.00235318529995994,1117984.43478458,887.129958106758,7453.22956523051
5745.21451,0.00236018128467527,1119341.83483822,889.767382209112,7462.27889892148
5745.22451,0.00236719575416575,1120700.98149321,892.411774907528,7471.33987662141
5745.23451,0.00237422870843139,1122061.87474955,895.063136202004,7480.4124983303
5745.2445,0.00238128014747219,1123424.51460722,897.721466092543,7489.49676404814
5745.2545,0.00238835007128815,1124788.90106624,900.386764579142,7498.59267377495
5745.2645,0.00239543847987927,1126155.03412661,903.059031661803,7507.70022751072
5745.2745,0.00240254537324555,1127522.91378831,905.738267340525,7516.81942525543
5745.28449,0.00240967075138699,1128892.54005137,908.424471615309,7525.95026700912
5745.29449,0.00241681461430359,1130263.91291576,911.117644486153,7535.09275277175
5745.30449,0.00242397696199535,1131637.0323815,913.817785953061,7544.24688254336
5745.31448,0.00243115779446227,1133011.89844859,916.524896016027,7553.41265632391
5745.32448,0.00243835711170435,1134388.51111701,919.238974675056,7562.59007411343
5745.33448,0.00244557491372158,1135766.87038678,921.960021930147,7571.7791359119
5745.34448,0.00245281120051398,1137146.9762579,924.688037781298,7580.97984171934
5745.35447,0.00246006597208154,1138528.82873036,927.423022228511,7590.19219153573
5745.36447,0.00246733922842425,1139912.42780416,930.164975271784,7599.41618536108
5745.37447,0.00247463096954213,1141297.77347931,932.913896911121,7608.65182319539
5745.38447,0.00248194119543517,1142684.8657558,935.669787146519,7617.89910503867
5745.39446,0.00248926990610336,1144073.70463363,938.432645977977,7627.15803089089
5745.40446,0.00249661710154671,1145464.29011281,941.202473405496,7636.42860075208
5745.41446,0.00250398278176523,1146856.62219333,943.979269429077,7645.71081462222
5745.42446,0.0025113669467589,1148250.7008752,946.76303404872,7655.00467250132
5745.43445,0.00251876959652774,1149646.52615841,949.553767264424,7664.31017438939
5745.44445,0.00252619073107173,1151044.09804296,952.351469076189,7673.6273202864
5745.45445,0.00253363035039088,1152443.41652886,955.156139484016,7682.95611019239
5745.46445,0.00254108845448519,1153844.4816161,957.967778487903,7692.29654410733
5745.47444,0.00254856504335466,1155247.29330468,960.786386087852,7701.64862203123
5745.48444,0.00255606011699929,1156651.85159461,963.611962283862,7711.01234396408
5745.49444,0.00256357367541909,1158058.15648589,966.444507075935,7720.3877099059
5745.50444,0.00257110571861404,1159466.2079785,969.284020464069,7729.77471985667
5745.51443,0.00257865624658415,1160876.00607246,972.130502448263,7739.17337381641
5745.52443,0.00258622525932942,1162287.55076776,974.983953028519,7748.58367178509
5745.53443,0.00259381275684985,1163700.84206441,977.844372204836,7758.00561376275
5745.54443,0.00260141873914544,1165115.8799624,980.711759977216,7767.43919974936
5745.55442,0.00260904320621618,1166532.66446174,983.586116345655,7776.88442974493
5745.56442,0.00261668615806209,1167951.19556242,986.467441310157,7786.34130374945
5745.57442,0.00262434759468316,1169371.47326444,989.355734870719,7795.80982176294
5745.58441,0.00263202751607939,1170793.49756781,992.250997027343,7805.28998378538
5745.59441,0.00263972592225077,1172217.26847252,995.153227780028,7814.78178981679
5745.60441,0.00264744281319732,1173642.78597857,998.062427128775,7824.28523985715
5745.61441,0.00265517818891903,1175070.05008597,1000.97859507358,7833.80033390647
5745.6244,0.00266293204941589,1176499.06079471,1003.90173161445,7843.32707196475
5745.6344,0.00267070439468792,1177929.8181048,1006.83183675138,7852.86545403198
5745.6444,0.0026784952247351,1179362.32201623,1009.76891048438,7862.41548010819
5745.6544,0.00268630453955744,1180796.572529,1012.71295281343,7871.97715019335
5745.66439,0.00269413233915495,1182232.56964312,1015.66396373854,7881.55046428746
5745.67439,0.00270197862352761,1183670.31335858,1018.62194325972,7891.13542239054
5745.68439,0.00270984339267543,1185109.80367538,1021.58689137696,7900.73202450257
5745.69439,0.00271772664659841,1186551.04059353,1024.55880809026,7910.34027062355
5745.70438,0.00272562838529656,1187994.02411303,1027.53769339962,7919.96016075351
5745.71438,0.00273354860876986,1189438.75423386,1030.52354730504,7929.59169489242
5745.72438,0.00274148731701832,1190885.23095604,1033.51636980652,7939.23487304029
5745.73438,0.00274944451004194,1192333.45427957,1036.51616090407,7948.88969519711
5745.74437,0.00275742018784072,1193783.42420443,1039.52292059767,7958.5561613629
5745.75437,0.00276541435041466,1195235.14073065,1042.53664888734,7968.23427153764
5745.76437,0.00277342699776376,1196688.6038582,1045.55734577307,7977.92402572135
5745.77437,0.00278145812988802,1198143.8135871,1048.58501125486,7987.62542391399
5745.78436,0.00278950774678744,1199600.76991734,1051.61964533271,7997.33846611563
5745.79436,0.00279757584846202,1201059.47284893,1054.66124800662,8007.06315232621
5745.80436,0.00280566243491175,1202519.92238186,1057.70981927659,8016.79948254575
5745.81435,0.00281376750613665,1203982.11851614,1060.76535914263,8026.54745677424
5745.82435,0.00282189106213671,1205446.06125175,1063.82786760473,8036.30707501169
5745.83435,0.00283003310291192,1206911.75058872,1066.89734466288,8046.07833725813
5745.84435,0.0028381936284623,1208379.18652702,1069.9737903171,8055.86124351349
5745.85434,0.00284637263878784,1209848.36906667,1073.05720456738,8065.65579377781
5745.86434,0.00285457013388853,1211319.29820767,1076.14758741372,8075.46198805111
5745.87434,0.00286278611376439,1212791.97395,1079.24493885613,8085.27982633336
5745.88434,0.0028710205784154,1214266.39629369,1082.34925889459,8095.10930862457
5745.89433,0.00287927352784158,1215742.56523871,1085.46054752912,8104.95043492473
5745.90433,0.00288754496204291,1217220.48078508,1088.57880475971,8114.80320523386
5745.91433,0.0028958348810194,1218700.14293279,1091.70403058636,8124.66761955195
5745.92433,0.00290414328477105,1220181.55168185,1094.83622500906,8134.543677879
5745.93432,0.00291247017329787,1221664.70703225,1097.97538802784,8144.43138021499
5745.94432,0.00292081554659984,1223149.60898399,1101.12151964267,8154.33072655995
5745.95432,0.00292917940467697,1224636.25753708,1104.27461985356,8164.24171691387
5745.96432,0.00293756174752926,1226124.65269151,1107.43468866052,8174.16435127676
5745.97431,0.00294596257515671,1227614.79444729,1110.60172606354,8184.09862964859
5745.98431,0.00295438188755932,1229106.68280441,1113.77573206261,8194.04455202939
5745.99431,0.00296281968473709,1230600.31776287,1116.95670665775,8204.00211841914
5746.00431,0.00297127596669002,1232095.69932268,1120.14464984895,8213.97132881787
5746.0143,0.00297975073341811,1233592.82748383,1123.33956163621,8223.95218322554
5746.0243,0.00298824398492136,1235091.70224632,1126.54144201954,8233.94468164216
5746.0343,0.00299675572119977,1236592.32361016,1129.75029099892,8243.94882406775
5746.04429,0.00300528594225333,1238094.69157535,1132.96610857437,8253.9646105023
5746.05429,0.00301383464808206,1239598.80614187,1136.18889474588,8263.99204094581
5746.06429,0.00302240183868595,1241104.66730974,1139.41864951345,8274.03111539827
5746.07429,0.00303098751406499,1242612.27507896,1142.65537287708,8284.08183385971
5746.08428,0.0030395916742192,1244121.62944951,1145.89906483677,8294.1441963301
5746.09428,0.00304821431914856,1245632.73042142,1149.14972539252,8304.21820280944
5746.10428,0.00305685544885309,1247145.57799466,1152.40735454433,8314.30385329773
5746.11428,0.00306551506333277,1248660.17216925,1155.67195229221,8324.401147795
5746.12427,0.00307419316258762,1250176.51294518,1158.94351863615,8334.51008630121
5746.13427,0.00308288974661762,1251694.60032246,1162.22205357615,8344.63066881639
5746.14427,0.00309160481542278,1253214.43430108,1165.50755711221,8354.76289534054
5746.15427,0.00310033836900311,1254736.01488104,1168.80002924433,8364.90676587363
5746.16426,0.00310909040735859,1256259.34206235,1172.09946997251,8375.06228041568
5746.17426,0.00311786093048923,1257784.415845,1175.40587929675,8385.22943896668
5746.18426,0.00312664993839503,1259311.236229,1178.71925721706,8395.40824152666
5746.19426,0.00313545743107599,1260839.80321434,1182.03960373342,8405.59868809559
5746.20425,0.00314428340853212,1262370.11680102,1185.36691884585,8415.80077867349
5746.21425,0.0031531278707634,1263902.17698905,1188.70120255434,8426.01451326034
5746.22425,0.00316199081776984,1265435.98377842,1192.04245485889,8436.23989185614
5746.23425,0.00317087224955143,1266971.53716914,1195.3906757595,8446.47691446092
5746.24424,0.00317977216610819,1268508.83716119,1198.74586525618,8456.72558107463
5746.25424,0.00318869056744011,1270047.8837546,1202.10802334891,8466.98589169733
5746.26424,0.00319762745354719,1271588.67694934,1205.47715003771,8477.25784632896
5746.27424,0.00320658282442943,1273131.21674544,1208.85324532256,8487.54144496957
5746.28423,0.00321555668008683,1274675.50314287,1212.23630920348,8497.83668761912
5746.29423,0.00322454902051938,1276221.53614165,1215.62634168046,8508.14357427766
5746.30423,0.0032335598457271,1277769.31574177,1219.0233427535,8518.46210494511
5746.31422,0.00324258915570998,1279318.84194323,1222.42731242261,8528.79227962156
5746.32422,0.00325163695046801,1280870.11474604,1225.83825068777,8539.13409830696
5746.33422,0.00326070323000121,1282423.1341502,1229.256157549,8549.48756100131
5746.34422,0.00326978799430956,1283977.90015569,1232.68103300628,8559.85266770463
5746.35421,0.00327889124339308,1285534.41276254,1236.11287705963,8570.22941841691
5746.36421,0.00328801297725175,1287092.67197072,1239.55168970904,8580.61781313811
5746.37421,0.00329715319588558,1288652.67778025,1242.99747095451,8591.01785186832
5746.38421,0.00330631189929458,1290214.43019112,1246.45022079604,8601.42953460746
5746.3942,0.00331548908747873,1291777.92920334,1249.90993923364,8611.85286135558
5746.4042,0.00332468476043805,1293343.17481689,1253.37662626729,8622.28783211262
5746.4142,0.00333389891817252,1294910.1670318,1256.85028189701,8632.73444687867
5746.4242,0.00334313156068215,1296478.90584805,1260.33090612279,8643.19270565365
5746.43419,0.00335238268796694,1298049.39126564,1263.81849894462,8653.66260843759
5746.44419,0.00336165230002689,1299621.62328457,1267.31306036252,8664.14415523049
5746.45419,0.003370940396862,1301195.60190485,1270.81459037648,8674.63734603235
5746.46419,0.00338024697847227,1302771.32712647,1274.32308898651,8685.14218084316
5746.47418,0.0033895720448577,1304348.79894944,1277.83855619259,8695.65865966293
5746.48418,0.00339891559601829,1305928.01737375,1281.36099199474,8706.18678249168
5746.49418,0.00340827763195404,1307508.98239941,1284.89039639295,8716.72654932938
5746.50418,0.00341765815266494,1309091.69402641,1288.42676938721,8727.27796017604
5746.51417,0.00342705715815101,1310676.15225475,1291.97011097754,8737.84101503165
5746.52417,0.00343647464841224,1312262.35708443,1295.52042116393,8748.41571389623
5746.53417,0.00344591062344862,1313850.30851546,1299.07769994639,8759.00205676974
5746.54416,0.00345536508326017,1315440.00654783,1302.6419473249,8769.60004365223
5746.55416,0.00346483802784688,1317031.45118155,1306.21316329948,8780.20967454369
5746.56416,0.00347432945720874,1318624.64241661,1309.79134787011,8790.8309494441
5746.57416,0.00348383937134577,1320219.58025302,1313.37650103681,8801.46386835347
5746.58415,0.00349336777025795,1321816.26469077,1316.96862279957,8812.10843127178
5746.59415,0.0035029146539453,1323414.69572986,1320.56771315839,8822.76463819907
5746.60415,0.0035124800224078,1325014.87337029,1324.17377211327,8833.43248913529
5746.61415,0.00352206387564546,1326616.79761208,1327.78679966421,8844.1119840805
5746.62414,0.00353166621365829,1328220.4684552,1331.40679581122,8854.80312303465
5746.63414,0.00354128703644627,1329825.88589967,1335.03376055429,8865.50590599778
5746.64414,0.00355092634400941,1331433.04994548,1338.66769389341,8876.22033296986
5746.65414,0.00356058413634771,1333041.96059263,1342.3085958286,8886.94640395089
5746.66413,0.00357026041346117,1334652.61784113,1345.95646635985,8897.68411894089
5746.67413,0.0035799551753498,1336265.02169097,1349.61130548716,8908.43347793983
5746.68413,0.00358966842201358,1337879.17214216,1353.27311321053,8919.19448094775
5746.69413,0.00359940015345252,1339495.06919469,1356.94188952997,8929.96712796463
5746.70412,0.00360915036966661,1341112.71284857,1360.61763444546,8940.75141899046
5746.71412,0.00361891907065587,1342732.10310379,1364.30034795702,8951.54735402524
5746.72412,0.0036287062564203,1344353.23996035,1367.99003006464,8962.35493306899
5746.73412,0.00363851192695987,1345976.12341826,1371.68668076832,8973.17415612171
5746.74411,0.00364833608227461,1347600.75347751,1375.39030006806,8984.00502318338
5746.75411,0.00365817872236451,1349227.1301381,1379.10088796386,8994.84753425399
5746.76411,0.00366803984722956,1350855.25340004,1382.81844445572,9005.70168933358
5746.7741,0.00367791945686979,1352485.12326332,1386.54296954365,9016.56748842211
5746.7841,0.00368781755128517,1354116.73972794,1390.27446322764,9027.44493151961
5746.7941,0.00369773413047569,1355750.10279391,1394.01292550768,9038.33401862606
5746.8041,0.00370766919444139,1357385.21246122,1397.75835638379,9049.23474974149
5746.81409,0.00371762274318224,1359022.06872988,1401.51075585596,9060.14712486587
5746.82409,0.00372759477669825,1360660.67159988,1405.27012392419,9071.0711439992
5746.83409,0.00373758529498943,1362301.02107123,1409.03646058848,9082.00680714151
5746.84409,0.00374759429805576,1363943.11714391,1412.80976584884,9092.95411429275
5746.85408,0.00375762178589726,1365586.95981794,1416.59003970525,9103.91306545295
5746.86408,0.0037676677585139,1367232.54909332,1420.37728215773,9114.88366062212
5746.87408,0.00377773221590572,1368879.88497004,1424.17149320627,9125.86589980025
5746.88408,0.0037878151580727,1370528.9674481,1427.97267285087,9136.85978298736
5746.89407,0.00379791658501483,1372179.79652751,1431.78082109153,9147.86531018339
5746.90407,0.00380803649673213,1373832.37220826,1435.59593792825,9158.88248138839
5746.91407,0.00381817489322457,1375486.69449036,1439.41802336104,9169.91129660237
5746.92407,0.00382833177449218,1377142.76337379,1443.24707738988,9180.95175582528
5746.93406,0.00383850714053496,1378800.57885858,1447.08310001479,9192.00385905717
5746.94406,0.00384870099135288,1380460.1409447,1450.92609123576,9203.06760629801
5746.95406,0.00385891332694597,1382121.44963217,1454.77605105279,9214.14299754781
5746.96406,0.00386914414731422,1383784.50492098,1458.63297946588,9225.23003280656
5746.97405,0.00387939345245762,1385449.30681114,1462.49687647502,9236.3287120743
5746.98405,0.0038896612423762,1387115.85530264,1466.36774208024,9247.43903535096
5746.99405,0.00389994751706992,1388784.15039549,1470.24557628151,9258.56100263659
5747.00405,0.00391025227653881,1390454.19208968,1474.13037907885,9269.69461393119
