Time,Velocity,Pressure,Gamma,Tau
6463.40756,0.000427798451694306,817816.627711267,161.27621676719,5452.11085140845
6463.41756,0.000427236269363719,818356.157862235,161.06427902162,5455.70771908157
6463.42756,0.000426693807183026,818896.698903728,160.859775597414,5459.31132602485
6463.43756,0.000426171065152216,819438.250835748,160.662706494569,5462.92167223832
6463.44755,0.000425668043271293,819980.813658293,160.473071713084,5466.53875772195
6463.45755,0.000425184741540255,820524.387371363,160.290871252961,5470.16258247575
6463.46755,0.000424721159959107,821068.971974959,160.1161051142,5473.79314649973
6463.47755,0.000424277298527846,821614.56746908,159.9487732968,5477.43044979387
6463.48754,0.000423853157246471,822161.173853727,159.788875800762,5481.07449235818
6463.49754,0.000423448736114983,822708.791128899,159.636412626086,5484.72527419266
6463.50754,0.000423064035133382,823257.419294599,159.49138377277,5488.38279529732
6463.51754,0.000422699054301668,823807.058350821,159.353789240817,5492.04705567214
6463.52753,0.00042235379361984,824357.708297571,159.223629030224,5495.71805531714
6463.53753,0.000422028253087902,824909.369134846,159.100903140994,5499.39579423231
6463.54753,0.000421722432705848,825462.040862647,158.985611573125,5503.08027241765
6463.55753,0.000421436332473685,826015.723480974,158.877754326618,5506.77148987316
6463.56752,0.000421169952391404,826570.416989825,158.777331401472,5510.46944659883
6463.57752,0.000420923292459014,827126.121389202,158.684342797688,5514.17414259468
6463.58752,0.000420696352676508,827682.836679105,158.598788515265,5517.8855778607
6463.59751,0.000420489133043892,828240.562859533,158.520668554204,5521.60375239689
6463.60751,0.000420301633561159,828799.299930486,158.449982914503,5525.32866620324
6463.61751,0.000420133854228316,829359.047891966,158.386731596165,5529.06031927978
6463.62751,0.00041998579504536,829919.806743971,158.330914599189,5532.79871162647
6463.6375,0.000419857456012292,830481.576486502,158.282531923574,5536.54384324335
6463.6475,0.000419748837129108,831044.357119559,158.24158356932,5540.29571413039
6463.6575,0.000419659938395814,831608.14864314,158.208069536428,5544.0543242876
6463.6675,0.000419590759812405,832172.951057246,158.181989824897,5547.81967371498
6463.67749,0.000419541301378885,832738.76436188,158.163344434729,5551.59176241253
6463.68749,0.000419511563095249,833305.588557038,158.152133365921,5555.37059038026
6463.69749,0.000419501544961501,833873.423642722,158.148356618474,5559.15615761815
6463.70749,0.000419511246977642,834442.269618932,158.15201419239,5562.94846412622
6463.71748,0.000419540669143669,835012.126485667,158.163106087668,5566.74750990445
6463.72748,0.000419589811459583,835582.994242928,158.181632304306,5570.55329495285
6463.73748,0.000419658673925383,836154.872890714,158.207592842306,5574.36581927143
6463.74748,0.000419747256541071,836727.762429025,158.240987701668,5578.18508286017
6463.75747,0.000419855559306646,837301.662857863,158.281816882391,5582.01108571909
6463.76747,0.000419983582222107,837876.574177227,158.330080384475,5585.84382784818
6463.77747,0.000420131325287458,838452.496387115,158.385778207922,5589.68330924743
6463.78747,0.000420298788502694,839029.429487528,158.44891035273,5593.52952991686
6463.79746,0.000420485971867816,839607.373478468,158.5194768189,5597.38248985645
6463.80746,0.000420692875382826,840186.328359933,158.59747760643,5601.24218906622
6463.81746,0.000420919499047723,840766.294131925,158.682912715323,5605.10862754616
6463.82745,0.000421165842862508,841347.270794441,158.775782145577,5608.98180529627
6463.83745,0.000421431906827178,841929.258347482,158.876085897192,5612.86172231655
6463.84745,0.000421717690941736,842512.25679105,158.983823970169,5616.748378607
6463.85745,0.000422023195206181,843096.266125143,159.098996364508,5620.64177416762
6463.86744,0.000422348419620513,843681.286349761,159.221603080208,5624.54190899841
6463.87744,0.000422693364184733,844267.317464906,159.351644117269,5628.44878309937
6463.88744,0.000423058028898838,844854.359470575,159.489119475692,5632.3623964705
6463.89744,0.000423442413762832,845442.412366771,159.634029155477,5636.28274911181
6463.90743,0.000423846518776712,846031.476153492,159.786373156623,5640.20984102328
6463.91743,0.00042427034394048,846621.550830739,159.946151479131,5644.14367220493
6463.92743,0.000424713889254134,847212.63639851,160.113364123,5648.08424265674
6463.93743,0.000425177154717676,847804.732856808,160.288011088231,5652.03155237872
6463.94742,0.000425660140331105,848397.840205631,160.470092374824,5655.98560137087
6463.95742,0.000426162846094418,848991.95844498,160.659607982777,5659.9463896332
6463.96742,0.000426685272007621,849587.087574855,160.856557912093,5663.9139171657
6463.97742,0.000427227418070711,850183.227595254,161.06094216277,5667.88818396836
6463.98741,0.000427789284283688,850780.378506179,161.272760734808,5671.8691900412
6463.99741,0.000428370870646551,851378.54030763,161.492013628208,5675.8569353842
6464.00741,0.000428972177159302,851977.712999606,161.71870084297,5679.85141999738
6464.01741,0.000429593203821939,852577.896582109,161.952822379093,5683.85264388073
6464.0274,0.000430233950634464,853179.091055136,162.194378236578,5687.86060703424
6464.0374,0.000430894417596876,853781.296418689,162.443368415424,5691.87530945793
6464.0474,0.000431574604709174,854384.512672768,162.699792915631,5695.89675115179
6464.05739,0.00043227451197136,854988.739817373,162.963651737201,5699.92493211582
6464.06739,0.000432994139383433,855593.977852502,163.234944880132,5703.95985235002
6464.07739,0.000433733486945392,856200.226778158,163.513672344423,5708.00151185439
6464.08739,0.00043449255465724,856807.486594338,163.799834130078,5712.04991062892
6464.09738,0.000435271342518974,857415.757301046,164.093430237093,5716.10504867364
6464.10738,0.000436069850530594,858025.038898278,164.39446066547,5720.16692598852
6464.11738,0.000436888078692102,858635.331386036,164.702925415208,5724.23554257357
6464.12738,0.000437726027003497,859246.634764319,165.018824486308,5728.31089842879
6464.13737,0.000438583695464779,859858.949033128,165.34215787877,5732.39299355419
6464.14737,0.000439461084075948,860472.274192462,165.672925592593,5736.48182794975
6464.15737,0.000440358192837004,861086.610242323,166.011127627777,5740.57740161548
6464.16737,0.000441275021747947,861701.957182708,166.356763984323,5744.67971455139
6464.17736,0.000442211570808777,862318.31501362,166.709834662231,5748.78876675747
6464.18736,0.000443167840019494,862935.683735055,167.0703396615,5752.9045582337
6464.19736,0.000444143829380099,863554.063347018,167.438278982131,5757.02708898012
6464.20736,0.00044513953889059,864173.453849506,167.813652624123,5761.15635899671
6464.21735,0.000446154968550968,864793.855242519,168.196460587477,5765.29236828346
6464.22735,0.000447190118361234,865415.267526058,168.586702872192,5769.43511684039
6464.23735,0.000448244988321386,866037.690700124,168.984379478269,5773.58460466749
6464.24735,0.000449319578431425,866661.124764714,169.389490405707,5777.74083176476
6464.25734,0.00045041388869135,867285.569719829,169.802035654507,5781.90379813219
6464.26734,0.000451527919101164,867911.025565469,170.222015224668,5786.0735037698
6464.27734,0.000452661669660865,868537.492301636,170.649429116191,5790.24994867758
6464.28734,0.000453815140370452,869164.969928329,171.084277329076,5794.43313285552
6464.29733,0.000454988331229928,869793.458445547,171.526559863322,5798.62305630364
6464.30733,0.000456181242239288,870422.95785329,171.97627671893,5802.81971902194
6464.31733,0.000457393873398536,871053.468151559,172.433427895898,5807.0231210104
6464.32732,0.000458626224707671,871684.989340355,172.898013394229,5811.23326226903
6464.33732,0.000459878296166694,872317.521419675,173.370033213921,5815.45014279783
6464.34732,0.000461150087775604,872951.06438952,173.849487354975,5819.6737625968
6464.35732,0.0004624415995344,873585.618249891,174.33637581739,5823.90412166594
6464.36731,0.000463752831443085,874221.183000788,174.830698601167,5828.14122000525
6464.37731,0.000465083783501655,874857.758642211,175.332455706305,5832.38505761474
6464.38731,0.000466434455710112,875495.345174159,175.841647132805,5836.63563449439
6464.39731,0.000467804848068456,876133.942596633,176.358272880666,5840.89295064422
6464.4073,0.000469194960576688,876773.550909632,176.882332949889,5845.15700606421
6464.4173,0.000470604793234808,877414.170113155,177.413827340474,5849.42780075437
6464.4273,0.000472034346042813,878055.800207206,177.95275605242,5853.70533471471
6464.4373,0.000473483619000706,878698.441191782,178.499119085727,5857.98960794522
6464.44729,0.000474952612108486,879342.093066884,179.052916440396,5862.28062044589
6464.45729,0.000476441325366153,879986.75583251,179.614148116427,5866.57837221674
6464.46729,0.000477949758773707,880632.429488663,180.182814113819,5870.88286325775
6464.47729,0.000479477912331148,881279.114035342,180.758914432573,5875.19409356895
6464.48728,0.000481025786038475,881926.809472545,181.342449072687,5879.5120631503
6464.49728,0.000482593379895691,882575.515800274,181.933418034164,5883.83677200183
6464.50728,0.000484180693902792,883225.233018529,182.531821317002,5888.16822012353
6464.51728,0.000485787728059781,883875.961127309,183.137658921202,5892.5064075154
6464.52727,0.000487414482366657,884527.700126615,183.750930846763,5896.85133417743
6464.53727,0.000489060956823421,885180.450016446,184.371637093686,5901.20300010964
6464.54727,0.00049072715143007,885834.210796804,184.99977766197,5905.56140531203
6464.55726,0.000492413066186608,886488.982467686,185.635352551617,5909.92654978458
6464.56726,0.000494118701093033,887144.765029095,186.278361762624,5914.2984335273
6464.57726,0.000495844056149343,887801.558481028,186.928805294993,5918.67705654019
6464.58726,0.000497589131355541,888459.362823487,187.586683148723,5923.06241882325
6464.59725,0.000499353926711626,889118.178056473,188.251995323815,5927.45452037649
6464.60725,0.000501138442217598,889778.004179984,188.924741820269,5931.85336119989
6464.61725,0.000502942677873458,890438.841194018,189.604922638084,5936.25894129346
6464.62725,0.000504766633679205,891100.689098581,190.292537777261,5940.67126065721
6464.63724,0.000506610309634837,891763.547893669,190.987587237799,5945.09031929113
6464.64724,0.000508473705740357,892427.417579281,191.690071019698,5949.5161171952
6464.65724,0.000510356821995765,893092.298155419,192.39998912296,5953.94865436946
6464.66724,0.000512259658401059,893758.189622082,193.117341547582,5958.38793081388
6464.67723,0.000514182214956241,894425.091979273,193.842128293566,5962.83394652848
6464.68723,0.000516124491661309,895093.005226987,194.574349360912,5967.28670151325
6464.69723,0.000518086488516265,895761.929365228,195.31400474962,5971.74619576819
6464.70723,0.000520068205521108,896431.864393994,196.061094459689,5976.21242929329
6464.71722,0.000522069642675837,897102.810313286,196.815618491119,5980.68540208857
6464.72722,0.000524090799980453,897774.767123102,197.577576843911,5985.16511415402
6464.73722,0.000526131677434958,898447.734823446,198.346969518065,5989.65156548964
6464.74722,0.000528192275039348,899121.713414314,199.123796513579,5994.14475609543
6464.75721,0.000530272592793625,899796.702895707,199.908057830456,5998.64468597138
6464.76721,0.000532372630697791,900472.703267628,200.699753468694,6003.15135511752
6464.77721,0.000534492388751842,901149.714530072,201.498883428294,6007.66476353381
6464.78721,0.000536631866955781,901827.736683043,202.305447709255,6012.18491122029
6464.7972,0.000538791065309606,902506.769726539,203.119446311577,6016.71179817693
6464.8072,0.00054096998381332,903186.813660561,203.940879235262,6021.24542440374
6464.8172,0.000543168622466919,903867.868485108,204.769746480307,6025.78578990072
6464.82719,0.000545386981270406,904549.934200181,205.606048046715,6030.33289466787
6464.83719,0.000547625060223779,905233.01080578,206.449783934483,6034.8867387052
6464.84719,0.000549882859327041,905917.098301904,207.300954143614,6039.44732201269
6464.85719,0.000552160378580189,906602.196688554,208.159558674106,6044.01464459036
6464.86718,0.000554457617983224,907288.305965728,209.025597525959,6048.58870643819
6464.87718,0.000556774577536145,907975.42613343,209.899070699174,6053.1695075562
6464.88718,0.000559111257238955,908663.557191655,210.77997819375,6057.75704794437
6464.89718,0.000561467657091651,909352.699140407,211.668320009688,6062.35132760271
6464.90717,0.000563843777094234,910042.851979686,212.564096146988,6066.95234653124
6464.91717,0.000566239617246703,910734.015709487,213.467306605649,6071.56010472992
6464.92717,0.00056865517754906,911426.190329816,214.377951385671,6076.17460219878
6464.93717,0.000571090458001305,912119.37584067,215.296030487056,6080.7958389378
6464.94716,0.000573545458603438,912813.572242051,216.221543909802,6085.423814947
6464.95716,0.000576020179355456,913508.779533955,217.154491653909,6090.05853022637
6464.96716,0.000578514620257359,914204.997716386,218.094873719377,6094.69998477591
6464.97716,0.000581028781309153,914902.226789343,219.042690106208,6099.34817859562
6464.98715,0.000583562662510831,915600.466752824,219.997940814399,6104.0031116855
6464.99715,0.000586116263862399,916299.717606833,220.960625843953,6108.66478404555
6465.00715,0.000588689585363851,916999.979351365,221.930745194868,6113.33319567577
6465.01715,0.000591282627015191,917701.251986424,222.908298867144,6118.00834657616
6465.02714,0.000593895388816421,918403.535512009,223.893286860782,6122.69023674673
6465.03714,0.000596527870767534,919106.829928119,224.885709175781,6127.37886618746
6465.04714,0.000599180072868534,919811.135234754,225.885565812142,6132.07423489836
6465.05713,0.000601851995119423,920516.451431914,226.892856769865,6136.77634287943
6465.06713,0.0006045436375202,921222.7785196,227.907582048949,6141.48519013067
6465.07713,0.000607255000070862,921930.116497812,228.929741649395,6146.20077665208
6465.08713,0.000609986082771411,922638.46536655,229.959335571202,6150.92310244367
6465.09712,0.000612736885621848,923347.825125814,230.99636381437,6155.65216750542
6465.10712,0.000615507408622171,924058.195775603,232.0408263789,6160.38797183735
6465.11712,0.000618297651772381,924769.577315917,233.092723264792,6165.13051543944
6465.12712,0.00062110761507248,925481.969746757,234.152054472046,6169.87979831171
6465.13711,0.000623937298522464,926195.373068122,235.21882000066,6174.63582045415
6465.14711,0.000626786702122336,926909.787280012,236.293019850637,6179.39858186674
6465.15711,0.000629655825872096,927625.212382429,237.374654021975,6184.16808254953
6465.16711,0.000632544669771741,928341.64837537,238.463722514674,6188.94432250247
6465.1771,0.000635453233821274,929059.095258839,239.560225328735,6193.72730172559
6465.1871,0.000638381518020694,929777.553032832,240.664162464157,6198.51702021888
6465.1971,0.000641329522370001,930497.021697352,241.775533920942,6203.31347798235
6465.2071,0.000644297246869194,931217.501252395,242.894339699087,6208.11667501597
6465.21709,0.000647284691518277,931938.991697966,244.020579798594,6212.92661131977
6465.22709,0.000650291856317244,932661.49303406,245.154254219463,6217.74328689374
6465.23709,0.000653318741266098,933385.005260683,246.295362961693,6222.56670173788
6465.24709,0.000656365346364841,934109.528377829,247.443906025284,6227.39685585219
6465.25708,0.00065943167161347,934835.062385501,248.599883410238,6232.23374923668
6465.26708,0.000662517717011985,935561.607283699,249.763295116552,6237.07738189133
6465.27708,0.000665623482560389,936289.163072423,250.934141144229,6241.92775381615
6465.28707,0.000668748968258679,937017.729751671,252.112421493266,6246.78486501114
6465.29707,0.000671894174106856,937747.307321445,253.298136163665,6251.6487154763
6465.30707,0.000675059100104922,938477.895781746,254.491285155427,6256.51930521164
6465.31707,0.000678243746252874,939209.495132572,255.69186846855,6261.39663421714
6465.32706,0.000681448112550709,939942.105373923,256.899886103032,6266.28070249282
6465.33706,0.000684672198998435,940675.726505799,258.115338058878,6271.17151003866
6465.34706,0.000687916005596047,941410.358528201,259.338224336085,6276.06905685468
6465.35706,0.000691179532343547,942146.00144113,260.568544934654,6280.97334294087
6465.36705,0.000694462779240934,942882.655244583,261.806299854584,6285.88436829722
6465.37705,0.000697765746288206,943620.319938561,263.051489095875,6290.80213292374
6465.38705,0.000701088433485365,944358.995523066,264.304112658528,6295.72663682044
6465.39705,0.000704430840832414,945098.681998098,265.564170542543,6300.65787998732
6465.40704,0.000707792968329349,945839.379363652,266.831662747919,6305.59586242435
6465.41704,0.00071117481597617,946581.087619734,268.106589274657,6310.54058413156
6465.42704,0.000714576383772878,947323.806766341,269.388950122756,6315.49204510894
6465.43704,0.000717997671719475,948067.536803473,270.678745292217,6320.45024535649
6465.44703,0.000721438679815956,948812.27773113,271.975974783039,6325.4151848742
6465.45703,0.000724899408062325,949558.029549314,273.280638595223,6330.38686366209
6465.46703,0.000728379856458584,950304.792258023,274.592736728769,6335.36528172015
6465.47703,0.000731880025004726,951052.565857257,275.912269183675,6340.35043904838
6465.48702,0.000735399913700758,951801.350347018,277.239235959944,6345.34233564679
6465.49702,0.000738939522546675,952551.145727304,278.573637057574,6350.34097151536
6465.50702,0.00074249885154248,953301.951998115,279.915472476566,6355.3463466541
6465.51702,0.000746077900688173,954053.769159452,281.264742216919,6360.35846106301
6465.52701,0.00074967666998375,954806.597211315,282.621446278633,6365.3773147421
6465.53701,0.000753295159429215,955560.436153703,283.985584661709,6370.40290769136
6465.54701,0.000756933369024569,956315.285986616,285.357157366147,6375.43523991077
6465.557,0.00076059129876981,957071.146710055,286.736164391947,6380.47431140037
6465.567,0.000764268948664936,957828.01832402,288.122605739107,6385.52012216013
6465.577,0.00076796631870995,958585.900828512,289.516481407629,6390.57267219008
6465.587,0.000771683408904851,959344.794223527,290.917791397513,6395.63196149018
6465.59699,0.00077542021924964,960104.698509068,292.326535708759,6400.69799006046
6465.60699,0.000779176749744314,960865.613685135,293.742714341365,6405.7707579009
6465.61699,0.000782953000388876,961627.539751727,295.166327295333,6410.85026501152
6465.62699,0.000786748971183325,962390.476708847,296.597374570663,6415.93651139231
6465.63698,0.000790564662127661,963154.42455649,298.035856167355,6421.02949704327
6465.64698,0.000794400073221885,963919.383294658,299.481772085408,6426.12922196439
6465.65698,0.000798255204465994,964685.352923354,300.935122324822,6431.23568615569
6465.66698,0.000802130055859992,965452.333442575,302.395906885599,6436.34888961717
6465.67697,0.000806024627403876,966220.32485232,303.864125767736,6441.4688323488
6465.68697,0.000809938919097647,966989.327152592,305.339778971235,6446.59551435061
6465.69697,0.000813872930941305,967759.340343389,306.822866496096,6451.72893562259
6465.70697,0.000817826662934851,968530.364424711,308.313388342318,6456.86909616474
6465.71696,0.000821800115078282,969302.39939656,309.811344509901,6462.01599597707
6465.72696,0.000825793287371604,970075.445258933,311.316734998847,6467.16963505955
6465.73696,0.000829806179814811,970849.502011833,312.829559809154,6472.33001341222
6465.74696,0.000833838792407903,971624.569655258,314.349818940822,6477.49713103505
6465.75695,0.000837891125150882,972400.648189209,315.877512393852,6482.67098792806
6465.76695,0.000841963178043749,973177.737613684,317.412640168243,6487.85158409123
6465.77695,0.000846054951086505,973955.837928686,318.955202263996,6493.03891952458
6465.78694,0.000850166444279145,974734.949134213,320.50519868111,6498.23299422809
6465.79694,0.000854297657621674,975515.071230266,322.062629419586,6503.43380820177
6465.80694,0.000858448591114092,976296.204216845,323.627494479425,6508.64136144563
6465.81694,0.000862619244756394,977078.348093948,325.199793860623,6513.85565395965
6465.82693,0.000866809618548584,977861.502861578,326.779527563184,6519.07668574386
6465.83693,0.00087101971249066,978645.668519733,328.366695587106,6524.30445679822
6465.84693,0.000875249526582624,979430.845068413,329.96129793239,6529.53896712275
6465.85693,0.000879499060824474,980217.032507618,331.563334599035,6534.78021671746
6465.86692,0.000883768315216213,981004.230837351,333.172805587042,6540.02820558234
6465.87692,0.000888057289757835,981792.440057609,334.789710896409,6545.28293371739
6465.88692,0.000892365984449348,982581.660168391,336.414050527139,6550.54440112261
6465.89692,0.000896694399290747,983371.8911697,338.045824479231,6555.812607798
6465.90691,0.000901042534282032,984163.133061533,339.685032752683,6561.08755374355
6465.91691,0.000905410389423206,984955.385843892,341.331675347498,6566.36923895928
6465.92691,0.000909797964714266,985748.649516778,342.985752263674,6571.65766344519
6465.93691,0.000914205260155213,986542.924080188,344.647263501211,6576.95282720126
6465.9469,0.000918632275746045,987338.209534126,346.31620906011,6582.2547302275
6465.9569,0.000923079011486767,988134.505878587,347.992588940371,6587.56337252391
6465.9669,0.000927545467377376,988931.813113574,349.676403141993,6592.8787540905
6465.9769,0.00093203164341787,989730.131239088,351.367651664976,6598.20087492726
6465.98689,0.000936537539608254,990529.460255126,353.066334509322,6603.52973503418
6465.99689,0.000941063155948521,991329.800161689,354.772451675028,6608.86533441126
6466.00689,0.000945608492438677,992131.150958778,356.486003162096,6614.20767305852
6466.01688,0.00095017354907872,992933.512646394,358.206988970526,6619.55675097596
6466.02688,0.000954758325868653,993736.885224536,359.935409100318,6624.91256816357
6466.03688,0.000959362822808467,994541.268693201,361.67126355147,6630.27512462134
6466.04688,0.000963987039898172,995346.663052394,363.414552323984,6635.6444203493
6466.05687,0.000968630977137764,996153.068302112,365.16527541786,6641.02045534741
6466.06687,0.000973294634527241,996960.484442354,366.923432833097,6646.4032296157
6466.07687,0.000977978012066609,997768.911473122,368.689024569697,6651.79274315415
6466.08687,0.000982681109755859,998578.349394417,370.462050627657,6657.18899596278
6466.09686,0.000987403927594999,999388.798206237,372.242511006979,6662.59198804158
6466.10686,0.000992146465584025,1000200.25790858,374.030405707662,6668.00171939055
6466.11686,0.00099690872372294,1001012.72850145,375.825734729708,6673.41819000968
6466.12686,0.00100169070201174,1001826.20998485,377.628498073114,6678.841399899
6466.13685,0.00100649240045043,1002640.70235877,379.438695737882,6684.27134905848
6466.14685,0.001011313819039,1003456.20562322,381.256327724012,6689.70803748812
6466.15685,0.00101615495777746,1004272.71977819,383.081394031503,6695.15146518795
6466.16685,0.00102101581666581,1005090.24482369,384.913894660356,6700.60163215794
6466.17684,0.00102589639570405,1005908.78075972,386.75382961057,6706.0585383981
6466.18684,0.00103079669489217,1006728.32758626,388.601198882145,6711.52218390843
6466.19684,0.00103571671423018,1007548.88530334,390.456002475083,6716.99256868894
6466.20684,0.00104065645371807,1008370.45391094,392.318240389381,6722.46969273961
6466.21683,0.00104561591335586,1009193.03340907,394.187912625042,6727.95355606044
6466.22683,0.00105059509314353,1010016.62379772,396.065019182064,6733.44415865146
6466.23683,0.00105559399308109,1010841.2250769,397.949560060448,6738.94150051264
6466.24683,0.00106061261316853,1011666.8372466,399.841535260193,6744.44558164401
6466.25682,0.00106565095340586,1012493.46030683,401.740944781298,6749.95640204553
6466.26682,0.00107070901379308,1013321.09425758,403.647788623767,6755.47396171723
6466.27682,0.00107578679433019,1014149.73909886,405.562066787597,6760.99826065909
6466.28681,0.00108088429501718,1014979.39483067,407.483779272788,6766.52929887112
6466.29681,0.00108600151585406,1015810.061453,409.412926079341,6772.06707635333
6466.30681,0.00109113845684083,1016641.73896586,411.349507207255,6777.61159310571
6466.31681,0.00109629511797748,1017474.42736924,413.29352265653,6783.16284912826
6466.3268,0.00110147149926403,1018308.12666315,415.244972427168,6788.72084442098
6466.3368,0.00110666760070045,1019142.83684758,417.203856519166,6794.28557898386
6466.3468,0.00111188342228677,1019978.55792254,419.170174932526,6799.85705281693
6466.3568,0.00111711896402297,1020815.28988802,421.143927667249,6805.43526592015
6466.36679,0.00112237422590906,1021653.03274403,423.125114723332,6811.02021829356
6466.37679,0.00112764920794504,1022491.78649057,425.113736100777,6816.61190993713
6466.38679,0.0011329439101309,1023331.55112763,427.109791799583,6822.21034085086
6466.39679,0.00113825833246665,1024172.32665522,429.113281819751,6827.81551103477
6466.40678,0.00114359247495228,1025014.11307333,431.12420616128,6833.42742048886
6466.41678,0.00114894633758781,1025856.91038197,433.142564824171,6839.04606921311
6466.42678,0.00115431992037322,1026700.71858113,435.168357808424,6844.67145720754
6466.43678,0.00115971322330852,1027545.53767082,437.201585114039,6850.30358447213
6466.44677,0.0011651262463937,1028391.36765103,439.242246741014,6855.94245100689
6466.45677,0.00117055898962878,1029238.20852177,441.290342689352,6861.58805681183
6466.46677,0.00117601145301374,1030086.06028304,443.34587295905,6867.24040188693
6466.47677,0.00118148363654858,1030934.92293483,445.40883755011,6872.89948623221
6466.48676,0.00118697554023332,1031784.79647715,447.479236462532,6878.56530984765
6466.49676,0.00119248716406794,1032635.68090999,449.557069696315,6884.23787273326
6466.50676,0.00119801850805244,1033487.57623336,451.64233725146,6889.91717488905
6466.51675,0.00120356957218684,1034340.48244725,453.735039127966,6895.60321631501
6466.52675,0.00120914035647112,1035194.39955167,455.835175325834,6901.29599701113
6466.53675,0.00121473086090529,1036049.32754661,457.942745845064,6906.99551697743
6466.54675,0.00122034108548935,1036905.26643209,460.057750685655,6912.7017762139
6466.55674,0.00122597103022329,1037762.21620808,462.180189847607,6918.41477472054
6466.56674,0.00123162069510712,1038620.1768746,464.310063330921,6924.13451249735
6466.57674,0.00123729008014083,1039479.14843165,466.447371135596,6929.86098954433
6466.58674,0.00124297918532444,1040339.13087922,468.592113261634,6935.59420586147
6466.59673,0.00124868801065793,1041200.12421732,470.744289709032,6941.3341614488
6466.60673,0.00125441655614131,1042062.12844594,472.903900477792,6947.08085630628
6466.61673,0.00126016482177457,1042925.14356509,475.070945567914,6952.83429043395
6466.62673,0.00126593280755772,1043789.16957477,477.245424979397,6958.59446383178
6466.63672,0.00127172051349076,1044654.20647497,479.427338712242,6964.36137649979
6466.64672,0.00127752793957369,1045520.25426569,481.616686766448,6970.13502843796
6466.65672,0.0012833550858065,1046387.31294694,483.813469142017,6975.9154196463
6466.66672,0.0012892019521892,1047255.38251872,486.017685838946,6981.70255012481
6466.67671,0.00129506853872179,1048124.46298102,488.229336857237,6987.49641987349
6466.68671,0.00130095484540426,1048994.55433385,490.448422196889,6993.29702889235
6466.69671,0.00130686087223662,1049865.6565772,492.674941857903,6999.10437718137
6466.70671,0.00131278661921887,1050737.76971108,494.908895840278,7004.91846474056
6466.7167,0.00131873208635101,1051610.89373549,497.150284144015,7010.73929156993
6466.7267,0.00132469727363303,1052485.02865042,499.399106769114,7016.56685766946
6466.7367,0.00133068218106494,1053360.17445588,501.655363715574,7022.40116303917
6466.74669,0.00133668680864673,1054236.33115186,503.919054983395,7028.24220767905
6466.75669,0.00134271115637842,1055113.49873836,506.190180572579,7034.0899915891
6466.76669,0.00134875522425999,1055991.6772154,508.468740483123,7039.94451476931
6466.77669,0.00135481901229144,1056870.86658295,510.75473471503,7045.8057772197
6466.78668,0.00136090252047279,1057751.06684104,513.048163268298,7051.67377894026
6466.79668,0.00136700574880402,1058632.27798965,515.349026142927,7057.54851993099
6466.80668,0.00137312869728514,1059514.50002878,517.657323338918,7063.43000019189
6466.81668,0.00137927136591614,1060397.73295844,519.97305485627,7069.31821972295
6466.82667,0.00138543375469704,1061281.97677863,522.296220694984,7075.2131785242
6466.83667,0.00139161586362782,1062167.23148934,524.626820855059,7081.11487659561
6466.84667,0.00139781769270848,1063053.49709058,526.964855336496,7087.02331393719
6466.85667,0.00140403924193904,1063940.77358234,529.310324139295,7092.93849054894
6466.86666,0.00141028051131947,1064829.06096463,531.663227263454,7098.86040643086
6466.87666,0.0014165415008498,1065718.35923744,534.023564708976,7104.78906158295
6466.88666,0.00142282221053002,1066608.66840078,536.391336475859,7110.72445600521
6466.89666,0.00142912264036012,1067499.98845465,538.766542564104,7116.66658969765
6466.90665,0.00143544279034011,1068392.31939904,541.14918297371,7122.61546266025
6466.91665,0.00144178266046998,1069285.66123395,543.539257704678,7128.57107489303
6466.92665,0.00144814225074975,1070180.0139594,545.936766757007,7134.53342639597
6466.93665,0.0014545215611794,1071075.37757536,548.341710130699,7140.50251716908
6466.94664,0.00146092059175893,1071971.75208185,550.75408782575,7146.47834721237
6466.95664,0.00146733934248836,1072869.13747887,553.173899842164,7152.46091652583
6466.96664,0.00147377781336767,1073767.53376642,555.60114617994,7158.45022510945
6466.97664,0.00148023600439687,1074666.94094449,558.035826839076,7164.44627296326
6466.98663,0.00148671391557595,1075567.35901308,560.477941819574,7170.44906008722
6466.99663,0.00149321154690492,1076468.7879722,562.927491121434,7176.45858648136
6467.00663,0.00149972889838378,1077371.22782185,565.384474744656,7182.47485214567
6467.01662,0.00150626597001253,1078274.67856202,567.848892689239,7188.49785708015
6467.02662,0.00151282276179116,1079179.14019272,570.320744955184,7194.52760128479
6467.03662,0.00151939927371968,1080084.61271394,572.80003154249,7200.56408475961
6467.04662,0.00152599550579809,1080991.09612569,575.286752451157,7206.60730750459
6467.05661,0.00153261145802638,1081898.59042796,577.780907681187,7212.65726951976
6467.06661,0.00153924713040456,1082807.09562076,580.282497232577,7218.71397080509
6467.07661,0.00154590252293263,1083716.61170409,582.79152110533,7224.77741136059
6467.08661,0.00155257763561059,1084627.13867794,585.307979299443,7230.84759118626
6467.0966,0.00155927246843843,1085538.67654232,587.831871814918,7236.9245102821
6467.1066,0.00156598702141616,1086451.22529722,590.363198651755,7243.00816864811
6467.1166,0.00157272129454377,1087364.78494264,592.901959809954,7249.0985662843
6467.1266,0.00157947528782128,1088279.3554786,595.448155289514,7255.19570319065
6467.13659,0.00158624900124867,1089194.93690508,598.001785090435,7261.29957936718
6467.14659,0.00159304243482594,1090111.52922208,600.562849212718,7267.41019481386
6467.15659,0.00159985558855311,1091029.13242961,603.131347656362,7273.52754953073
6467.16659,0.00160668846243016,1091947.74652767,605.707280421368,7279.65164351777
6467.17658,0.0016135410564571,1092867.37151625,608.290647507736,7285.78247677498
6467.18658,0.00162041337063392,1093788.00739535,610.881448915465,7291.92004930235
6467.19658,0.00162730540496064,1094709.65416498,613.479684644556,7298.0643610999
6467.20658,0.00163421715943723,1095632.31182514,616.085354695007,7304.21541216761
6467.21657,0.00164114863406372,1096555.98037583,618.698459066822,7310.3732025055
6467.22657,0.00164809982884009,1097480.65981703,621.318997759996,7316.53773211356
6467.23657,0.00165507074376636,1098406.35014877,623.946970774533,7322.70900099179
6467.24656,0.0016620613788425,1099333.05137103,626.582378110431,7328.88700914019
6467.25656,0.00166907173406854,1100260.76348381,629.225219767692,7335.07175655875
6467.26656,0.00167610180944446,1101189.48648712,631.875495746312,7341.2632432475
6467.27656,0.00168315160497027,1102119.22038096,634.533206046296,7347.4614692064
6467.28655,0.00169022112064597,1103049.96516532,637.198350667641,7353.66643443548
6467.29655,0.00169731035647155,1103981.72084021,639.870929610346,7359.87813893473
6467.30655,0.00170441931244702,1104914.48740562,642.550942874413,7366.09658270415
6467.31655,0.00171154798857237,1105848.26486156,645.238390459842,7372.32176574374
6467.32654,0.00171869638484762,1106783.05320803,647.933272366633,7378.5536880535
6467.33654,0.00172586450127275,1107718.85244502,650.635588594786,7384.79234963344
6467.34654,0.00173305233784777,1108655.66257253,653.345339144299,7391.03775048354
6467.35654,0.00174025989457267,1109593.48359057,656.062524015174,7397.28989060382
6467.36653,0.00174748717144746,1110532.31549914,658.787143207411,7403.54876999426
6467.37653,0.00175473416847214,1111472.15829823,661.519196721009,7409.81438865487
6467.38653,0.00176200088564671,1112413.01198785,664.258684555969,7416.08674658565
6467.39653,0.00176928732297116,1113354.87656799,667.00560671229,7422.36584378661
6467.40652,0.0017765934804455,1114297.75203866,669.759963189973,7428.65168025774
6467.41652,0.00178391935806973,1115241.63839985,672.521753989017,7434.94425599903
6467.42652,0.00179126495584384,1116186.53565157,675.290979109423,7441.2435710105
6467.43652,0.00179863027376784,1117132.44379382,678.067638551191,7447.54962529214
6467.44651,0.00180601531184173,1118079.36282659,680.851732314319,7453.86241884395
6467.45651,0.00181342007006551,1119027.29274989,683.64326039881,7460.18195166592
6467.46651,0.00182084454843917,1119976.23356371,686.442222804662,7466.50822375807
6467.4765,0.00182828874696272,1120926.18526806,689.248619531875,7472.8412351204
6467.4865,0.00183575266563615,1121877.14786293,692.06245058045,7479.18098575288
6467.4965,0.00184323630445948,1122829.12134833,694.883715950387,7485.52747565553
6467.5065,0.00185073966343269,1123782.10572426,697.712415641685,7491.88070482837
6467.51649,0.00185826274255578,1124736.10099071,700.548549654345,7498.24067327137
6467.52649,0.00186580554182877,1125691.10714768,703.392117988365,7504.60738098454
6467.53649,0.00187336806125164,1126647.12419518,706.243120643749,7510.98082796788
6467.54649,0.0018809503008244,1127604.15213321,709.101557620493,7517.36101422139
6467.55648,0.00188855226054704,1128562.19096176,711.967428918599,7523.74793974507
6467.56648,0.00189617394041958,1129521.24068084,714.840734538066,7530.14160453893
6467.57648,0.001903815340442,1130481.30129044,717.721474478895,7536.54200860295
6467.58648,0.0019114764606143,1131442.37279057,720.609648741086,7542.94915193714
6467.59647,0.0019191573009365,1132404.45518123,723.505257324637,7549.36303454151
6467.60647,0.00192685786140858,1133367.54846241,726.408300229551,7555.78365641604
6467.61647,0.00193457814203055,1134331.65263411,729.318777455826,7562.21101756074
6467.62647,0.0019423181428024,1135296.76769634,732.236689003462,7568.64511797562
6467.63646,0.00195007786372414,1136262.8936491,735.162034872461,7575.08595766066
6467.64646,0.00195785730479577,1137230.03049238,738.09481506282,7581.53353661588
6467.65646,0.00196565646601729,1138198.17822619,741.035029574542,7587.98785484126
6467.66646,0.00197347534738869,1139167.33685052,743.982678407624,7594.44891233682
6467.67645,0.00198131394890998,1140137.50636538,746.937761562069,7600.91670910255
6467.68645,0.00198917227058115,1141108.68677077,749.900279037874,7607.39124513844
6467.69645,0.00199705031240222,1142080.87806668,752.870230835042,7613.87252044452
6467.70645,0.00200494807437317,1143054.08025311,755.847616953571,7620.36053502075
6467.71644,0.00201286555649401,1144028.29333008,758.832437393461,7626.85528886717
6467.72644,0.00202080275876473,1145003.51729756,761.824692154712,7633.35678198374
6467.73644,0.00202875968118534,1145979.75215557,764.824381237326,7639.86501437049
6467.74643,0.00203673632375584,1146956.99790411,767.8315046413,7646.37998602741
6467.75643,0.00204473268647623,1147935.25454318,770.846062366637,7652.90169695451
6467.76643,0.0020527487693465,1148914.52207276,773.868054413335,7659.43014715176
6467.77643,0.00206078457236666,1149894.80049288,776.897480781395,7665.96533661919
6467.78642,0.00206884009553671,1150876.08980352,779.934341470816,7672.50726535679
6467.79642,0.00207691533885664,1151858.39000469,782.978636481598,7679.05593336457
6467.80642,0.00208501030232646,1152841.70109638,786.030365813742,7685.61134064252
6467.81642,0.00209312498594617,1153826.02307859,789.089529467248,7692.17348719062
6467.82641,0.00210125938971577,1154811.35595134,792.156127442115,7698.74237300891
6467.83641,0.00210941351363525,1155797.6997146,795.230159738344,7705.31799809737
6467.84641,0.00211758735770462,1156785.0543684,798.311626355934,7711.900362456
6467.85641,0.00212578092192387,1157773.41991272,801.400527294886,7718.48946608479
6467.8664,0.00213399420629302,1158762.79634756,804.496862555199,7725.08530898376
6467.8764,0.00214222721081205,1159753.18367293,807.600632136874,7731.68789115289
6467.8864,0.00215047993548097,1160744.58188883,810.711836039911,7738.29721259219
6467.8964,0.00215875238029977,1161736.99099525,813.830474264309,7744.91327330167
6467.90639,0.00216704454526846,1162730.4109922,816.956546810068,7751.53607328132
6467.91639,0.00217535643038704,1163724.84187967,820.090053677189,7758.16561253114
6467.92639,0.00218368803565551,1164720.28365767,823.230994865672,7764.80189105112
6467.93639,0.00219203936107386,1165716.73632619,826.379370375515,7771.4449088413
6467.94638,0.00220112293581182,1166859.02455251,829.803797375331,7779.06016368342
6467.95638,0.00221058355605727,1167995.88764353,833.37036718271,7786.63925095687
6467.96638,0.00221897887037536,1168994.95263015,836.535326117065,7793.29968420099
6467.97637,0.00222739381735405,1169995.01471569,839.707686390096,7799.96676477129
6467.98637,0.00223582839699333,1170996.07390017,842.887448001802,7806.64049266779
6467.99637,0.0022442826092932,1171998.13018357,846.074610952183,7813.32086789048
6468.00637,0.00225275645425367,1173001.1835659,849.269175241238,7820.00789043935
6468.01636,0.00226124993187473,1174005.23404716,852.47114086897,7826.70156031442
6468.02636,0.00226976304215639,1175010.28162735,855.680507835376,7833.40187751569
6468.03636,0.00227829578509864,1176016.32630647,858.897276140458,7840.10884204316
6468.04636,0.00228684816070149,1177023.36808452,862.121445784215,7846.82245389681
6468.05635,0.00229542016896492,1178031.4069615,865.353016766646,7853.54271307664
6468.06635,0.00230401180988896,1179040.4429374,868.591989087753,7860.26961958268
6468.07635,0.00231262308347359,1180050.47601224,871.838362747535,7867.00317341492
6468.08635,0.00232125398971881,1181061.506186,875.092137745992,7873.74337457334
6468.09634,0.00232990452862463,1182073.53345869,878.353314083126,7880.49022305795
6468.10634,0.00233857470019104,1183086.55783031,881.621891758934,7887.24371886876
6468.11634,0.00234726450441804,1184100.57930086,884.897870773416,7894.00386200576
6468.12634,0.00235597394130564,1185115.59787034,888.181251126575,7900.77065246896
6468.13633,0.00236470301085383,1186131.61353875,891.472032818408,7907.54409025834
6468.14633,0.00237345171306262,1187148.62630609,894.770215848916,7914.32417537392
6468.15633,0.002382220047932,1188166.63617235,898.0758002181,7921.1109078157
6468.16633,0.00239100801546198,1189185.64313755,901.388785925959,7927.90428758366
6468.17632,0.00239981561565255,1190205.64720167,904.709172972494,7934.70431467782
6468.18632,0.00240864284850371,1191226.64836472,908.036961357702,7941.51098909816
6468.19632,0.00241748971401547,1192248.64662671,911.372151081588,7948.32431084471
6468.20632,0.00242635621218782,1193271.64198762,914.714742144147,7955.14427991744
6468.21631,0.00243524234302077,1194295.63444746,918.064734545382,7961.97089631637
6468.22631,0.00244414810651431,1195320.62400622,921.422128285291,7968.80416004148
6468.23631,0.00245307350266845,1196346.61066392,924.786923363877,7975.6440710928
6468.2463,0.00246201853148317,1197373.59442054,928.159119781137,7982.4906294703
6468.2563,0.0024709831929585,1198401.5752761,931.538717537073,7989.343835174
6468.2663,0.00247996748709442,1199430.55323058,934.925716631684,7996.20368820389
6468.2763,0.00248897141389093,1200460.528284,938.320117064969,8003.07018855998
6468.28629,0.00249799497334804,1201491.50043634,941.72191883693,8009.94333624226
6468.29629,0.00250703816546573,1202523.46968761,945.131121947565,8016.82313125073
6468.30629,0.00251610099024403,1203556.43603781,948.547726396877,8023.70957358538
6468.31629,0.00252518344768292,1204590.39948694,951.971732184864,8030.60266324624
6468.32628,0.0025342855377824,1205625.36003499,955.403139311525,8037.50240023329
6468.33628,0.00254340726054248,1206661.31768198,958.841947776862,8044.40878454653
6468.34628,0.00255254861596315,1207698.27242789,962.288157580875,8051.32181618596
6468.35628,0.00256170960404442,1208736.22427274,965.741768723562,8058.24149515158
6468.36627,0.00257089022478627,1209775.17321651,969.202781204924,8065.16782144341
6468.37627,0.00258009047818873,1210815.11925921,972.671195024962,8072.10079506141
6468.38627,0.00258931036425177,1211856.06240084,976.147010183674,8079.04041600561
6468.39627,0.00259854988297542,1212898.0026414,979.630226681063,8085.98668427601
6468.40626,0.00260780903435965,1213940.93998089,983.120844517126,8092.9395998726
6468.41626,0.00261708781840448,1214984.87441931,986.618863691864,8099.89916279539
6468.42626,0.00262638623510991,1216029.80595665,990.124284205278,8106.86537304436
6468.43626,0.00263570428447593,1217075.73459293,993.637106057366,8113.83823061953
6468.44625,0.00264504196650254,1218122.66032813,997.157329248131,8120.81773552088
6468.45625,0.00265439928118975,1219170.58316227,1000.68495377757,8127.80388774844
6468.46625,0.00266377622853755,1220219.50309533,1004.21997964568,8134.79668730218
6468.47624,0.00267317280854595,1221269.42012732,1007.76240685247,8141.79613418211
6468.48624,0.00268258902121494,1222320.33425824,1011.31223539794,8148.80222838824
6468.49624,0.00269202486654452,1223372.24548809,1014.86946528208,8155.81496992057
6468.50624,0.0027014803445347,1224425.15381686,1018.43409650489,8162.83435877908
6468.51623,0.00271095545518547,1225479.05924457,1022.00612906638,8169.86039496379
6468.52623,0.00272045019849684,1226533.9617712,1025.58556296655,8176.89307847469
6468.53623,0.0027299645744688,1227589.86139677,1029.17239820539,8183.93240931179
6468.54623,0.00273949858310136,1228646.75812126,1032.7666347829,8190.97838747507
6468.55622,0.0027490522243945,1229704.65194468,1036.36827269909,8198.03101296455
6468.56622,0.00275862549834825,1230763.54286703,1039.97731195396,8205.09028578022
6468.57622,0.00276821840496258,1231823.43088831,1043.5937525475,8212.15620592209
6468.58622,0.00277783094423752,1232884.31600852,1047.21759447972,8219.22877339014
6468.59621,0.00278746311617304,1233946.19822766,1050.84883775061,8226.3079881844
6468.60621,0.00279711492076916,1235009.07754573,1054.48748236018,8233.39385030484
6468.61621,0.00280678635802588,1236072.95396272,1058.13352830842,8240.48635975147
6468.62621,0.00281647742794319,1237137.82747864,1061.78697559534,8247.5855165243
6468.6362,0.00282618813052109,1238203.6980935,1065.44782422093,8254.69132062332
6468.6462,0.00283591846575959,1239270.56580728,1069.1160741852,8261.80377204854
6468.6562,0.00284566843365868,1240338.43061999,1072.79172548814,8268.92287079993
6468.6662,0.00285543803421836,1241407.29253163,1076.47477812975,8276.04861687754
6468.67619,0.00286522726743864,1242477.1515422,1080.16523211005,8283.18101028133
6468.68619,0.00287503613331952,1243548.0076517,1083.86308742902,8290.32005101131
6468.69619,0.00288486463186098,1244619.86086012,1087.56834408666,8297.46573906749
6468.70618,0.00289471276306305,1245692.71116748,1091.28100208298,8304.61807444986
6468.71618,0.0029045805269257,1246766.55857376,1095.00106141797,8311.77705715842
6468.72618,0.00291446792344896,1247841.40307898,1098.72852209164,8318.94268719318
6468.73618,0.0029243749526328,1248917.24468312,1102.46338410398,8326.11496455412
6468.74617,0.00293430161447724,1249994.08338619,1106.205647455,8333.29388924125
6468.75617,0.00294424790898227,1251071.91918819,1109.9553121447,8340.47946125459
6468.76617,0.0029542138361479,1252150.75208912,1113.71237817307,8347.67168059412
6468.77617,0.00296419939597412,1253230.58208897,1117.47684554011,8354.87054725983
6468.78616,0.00297420458846094,1254311.40918776,1121.24871424583,8362.07606125175
6468.79616,0.00298422941360835,1255393.23338548,1125.02798429023,8369.28822256985
6468.80616,0.00299427387141635,1256476.05468212,1128.8146556733,8376.50703121415
6468.81616,0.00300433796188495,1257559.87307769,1132.60872839504,8383.73248718463
6468.82615,0.00301442168501414,1258644.6885722,1136.41020245546,8390.96459048132
6468.83615,0.00302452504080393,1259730.50116563,1140.21907785456,8398.20334110419
6468.84615,0.00303464802925431,1260817.31085799,1144.03535459233,8405.44873905326
6468.85615,0.00304479065036528,1261905.11764928,1147.85903266878,8412.70078432852
6468.86614,0.00305495290413685,1262993.9215395,1151.6901120839,8419.95947692997
6468.87614,0.00306513479056902,1264083.72252864,1155.52859283769,8427.22481685762
6468.88614,0.00307533630966177,1265174.52061672,1159.37447493016,8434.49680411146
6468.89614,0.00308555746141513,1266266.31580372,1163.22775836131,8441.77543869148
6468.90613,0.00309579824582907,1267359.10808966,1167.08844313113,8449.06072059771
6468.91613,0.00310605866290361,1268452.89747452,1170.95652923963,8456.35264983013
6468.92613,0.00311633871263875,1269547.68395831,1174.8320166868,8463.65122638873
6468.93613,0.00312663839503448,1270643.46754103,1178.71490547265,8470.95645027354
6468.94612,0.0031369577100908,1271740.24822268,1182.60519559717,8478.26832148453
6468.95612,0.00314729665780772,1272838.02600326,1186.50288706037,8485.58684002172
6468.96612,0.00315765523818523,1273936.80088276,1190.40797986225,8492.91200588509
6468.97611,0.00316803345122333,1275036.5728612,1194.32047400279,8500.24381907467
6468.98611,0.00317843129692203,1276137.34193856,1198.24036948202,8507.58227959042
6468.99611,0.00318884877528133,1277239.10811486,1202.16766629992,8514.92738743239
6469.00611,0.00319928588630122,1278341.87139008,1206.10236445649,8522.27914260054
6469.0161,0.0032097426299817,1279445.63176423,1210.04446395174,8529.63754509488
6469.0261,0.00322021900632277,1280550.38923731,1213.99396478566,8537.00259491541
6469.0361,0.00323071501532444,1281656.14380932,1217.95086695826,8544.37429206214
6469.0461,0.00324123065698671,1282762.89548026,1221.91517046954,8551.75263653506
6469.05609,0.00325176593130957,1283870.64425013,1225.88687531949,8559.13762833418
6469.06609,0.00326232083829302,1284979.39011892,1229.86598150811,8566.52926745949
6469.07609,0.00327289537793707,1286089.13308665,1233.85248903541,8573.92755391098
6469.08609,0.00328348955024171,1287199.8731533,1237.84639790139,8581.33248768867
6469.09608,0.00329410335520695,1288311.61031888,1241.84770810604,8588.74406879256
6469.10608,0.00330473679283278,1289424.3445834,1245.85641964936,8596.16229722264
6469.11608,0.0033153898631192,1290538.07594684,1249.87253253136,8603.5871729789
6469.12608,0.00332606256606622,1291652.8044092,1253.89604675204,8611.01869606136
6469.13607,0.00333675490167383,1292768.5299705,1257.92696231139,8618.45686647003
6469.14607,0.00334746686994204,1293885.25263073,1261.96527920941,8625.90168420486
6469.15607,0.00335819847087084,1295002.97238989,1266.01099744612,8633.35314926591
6469.16607,0.00336894970446023,1296121.68924797,1270.06411702149,8640.81126165314
6469.17606,0.00337972057071023,1297241.40320498,1274.12463793555,8648.27602136656
6469.18606,0.00339051106962081,1298362.11426093,1278.19256018827,8655.74742840619
6469.19606,0.00340132120119199,1299483.8224158,1282.26788377968,8663.22548277199
6469.20605,0.00341215096542376,1300606.5276696,1286.35060870975,8670.710184464
6469.21605,0.00342300036231612,1301730.23002233,1290.4407349785,8678.2015334822
6469.22605,0.00343386939186909,1302854.92947399,1294.53826258593,8685.69952982658
6469.23605,0.00344475805408264,1303980.62602457,1298.64319153203,8693.20417349716
6469.24604,0.00345566634895679,1305107.31967409,1302.75552181681,8700.71546449394
6469.25604,0.00346659427649153,1306235.01042254,1306.87525344026,8708.23340281691
6469.26604,0.00347754183668687,1307363.69826991,1311.00238640239,8715.75798846607
6469.27604,0.0034885090295428,1308493.38321621,1315.1369207032,8723.28922144142
6469.28603,0.00349949585505932,1309624.06526144,1319.27885634268,8730.82710174296
6469.29603,0.00351050231323644,1310755.74440561,1323.42819332083,8738.3716293707
6469.30603,0.00352152840407416,1311888.42064869,1327.58493163766,8745.92280432463
6469.31603,0.00353257412757247,1313022.09399071,1331.74907129316,8753.48062660476
6469.32602,0.00354363948373137,1314156.76443166,1335.92061228734,8761.04509621108
6469.33602,0.00355472447255087,1315292.43197154,1340.0995546202,8768.61621314358
6469.34602,0.00356582909403095,1316429.09661034,1344.28589829173,8776.19397740228
6469.35602,0.00357695334817164,1317566.75834808,1348.47964330193,8783.77838898718
6469.36601,0.00358809723497292,1318705.41718474,1352.68078965081,8791.36944789827
6469.37601,0.00359926075443479,1319845.07312033,1356.88933733837,8798.96715413555
6469.38601,0.00361044390655726,1320985.72615485,1361.1052863646,8806.57150769901
6469.39601,0.00362164669134032,1322127.3762883,1365.3286367295,8814.18250858868
6469.406,0.00363286910878398,1323270.02352068,1369.55938843309,8821.80015680454
6469.416,0.00364411115888823,1324413.66785199,1373.79754147534,8829.42445234659
6469.426,0.00365537284165307,1325558.30928222,1378.04309585627,8837.05539521483
6469.43599,0.00366665415707851,1326703.94781139,1382.29605157588,8844.69298540927
6469.44599,0.00367795510516454,1327850.58343948,1386.55640863416,8852.33722292989
6469.45599,0.00368927568591117,1328998.21616651,1390.82416703112,8859.98810777671
6469.46599,0.00370061589931839,1330146.84599246,1395.09932676675,8867.64563994974
6469.47598,0.0037119757453862,1331296.47291734,1399.38188784106,8875.30981944893
6469.48598,0.00372335522411462,1332447.09694115,1403.67185025404,8882.98064627434
6469.49598,0.00373475433550362,1333598.71806389,1407.9692140057,8890.65812042592
6469.50598,0.00374617307955322,1334751.33628556,1412.27397909603,8898.34224190371
6469.51597,0.00375761145626341,1335904.95160615,1416.58614552504,8906.03301070769
6469.52597,0.00376906946563419,1337059.56402568,1420.90571329272,8913.73042683785
6469.53597,0.00378054710766558,1338215.17354413,1425.23268239908,8921.43449029421
6469.54597,0.00379204438235755,1339371.78016152,1429.56705284411,8929.14520107678
6469.55596,0.00380356128971012,1340529.38387783,1433.90882462782,8936.86255918553
6469.56596,0.00381509782972328,1341687.98469307,1438.2579977502,8944.58656462046
6469.57596,0.00382665400239704,1342847.58260724,1442.61457221126,8952.3172173816
6469.58596,0.00383822980773139,1344008.17762034,1446.978548011,8960.05451746893
6469.59595,0.00384982524572634,1345169.76973237,1451.34992514941,8967.79846488244
6469.60595,0.00386144031638188,1346332.35894332,1455.72870362649,8975.54905962214
6469.61595,0.003873075019698,1347495.94525321,1460.11488344225,8983.30630168805
6469.62595,0.00388472935567473,1348660.52866202,1464.50846459668,8991.07019108015
6469.63594,0.00389640332431206,1349826.10916977,1468.90944708979,8998.84072779844
6469.64594,0.00390809692560998,1350992.68677644,1473.31783092158,9006.61791184293
6469.65594,0.00391981015956849,1352160.26148204,1477.73361609204,9014.4017432136
6469.66594,0.00393154302618759,1353328.83328657,1482.15680260117,9022.19222191047
6469.67593,0.00394329552546729,1354498.40219003,1486.58739044899,9029.98934793352
6469.68593,0.00395506765740759,1355668.96819242,1491.02537963547,9037.79312128278
6469.69593,0.00396685942200848,1356840.53129373,1495.47077016063,9045.60354195822
6469.70592,0.00397867081926995,1358013.09149398,1499.92356202447,9053.42060995985
6469.71592,0.00399050184919203,1359186.64879315,1504.38375522698,9061.24432528769
6469.72592,0.0040023525117747,1360361.20319126,1508.85134976817,9069.07468794171
6469.73592,0.00401422280701797,1361536.75468829,1513.32634564803,9076.91169792193
6469.74591,0.00402611273492182,1362713.30328425,1517.80874286656,9084.75535522835
6469.75591,0.00403802229548627,1363890.84897914,1522.29854142378,9092.60565986094
6469.76591,0.00404995148871132,1365069.39177296,1526.79574131967,9100.46261181974
6469.77591,0.00406190031459696,1366248.93166571,1531.30034255423,9108.32621110472
6469.7859,0.0040738687731432,1367429.46865739,1535.81234512746,9116.1964577159
6469.7959,0.00408585686435003,1368611.00274799,1540.33174903938,9124.07335165327
6469.8059,0.00409786458821745,1369793.53393753,1544.85855428996,9131.95689291684
6469.8159,0.00410989194474547,1370977.06222599,1549.39276087923,9139.8470815066
6469.82589,0.00412193893393408,1372161.58761338,1553.93436880717,9147.74391742255
6469.83589,0.00413400555578329,1373347.1100997,1558.48337807378,9155.64740066469
6469.84589,0.00414609181029309,1374533.62968495,1563.03978867907,9163.55753123303
6469.85589,0.00415819769746349,1375721.14636913,1567.60360062303,9171.47430912756
6469.86588,0.00417032321729447,1376909.66015224,1572.17481390567,9179.39773434828
6469.87588,0.00418246836978605,1378099.17103428,1576.75342852698,9187.32780689519
6469.88588,0.00419463315493823,1379289.67901524,1581.33944448697,9195.26452676829
6469.89588,0.004206817572751,1380481.18409514,1585.93286178564,9203.20789396759
6469.90587,0.00421902162322437,1381673.68627396,1590.53368042298,9211.15790849308
6469.91587,0.00423124530635833,1382867.18555172,1595.14190039899,9219.11457034477
6469.92587,0.00424348862215288,1384061.6819284,1599.75752171368,9227.07787952265
6469.93586,0.00425575157060803,1385257.17540401,1604.38054436705,9235.04783602671
6469.94586,0.00426803415172377,1386453.66597855,1609.01096835909,9243.02443985698
6469.95586,0.00428033636550011,1387651.15365202,1613.64879368981,9251.00769101345
6469.96586,0.00429265821193704,1388849.63842441,1618.2940203592,9258.99758949608
6469.97585,0.00430499969103456,1390049.12029574,1622.94664836726,9266.99413530493
6469.98585,0.00431736080279268,1391249.59926599,1627.606677714,9274.99732843996
6469.99585,0.0043297415472114,1392451.07533518,1632.27410839942,9283.00716890118
6470.00585,0.0043421419242907,1393653.54850329,1636.94894042351,9291.02365668861
6470.01584,0.00435456193403061,1394857.01877033,1641.63117378628,9299.04679180222
6470.02584,0.0043670015764311,1396061.48613631,1646.32080848772,9307.07657424204
6470.03584,0.00437946085149219,1397266.9506012,1651.01784452784,9315.11300400802
6470.04584,0.00439193975921388,1398473.41216503,1655.72228190663,9323.15608110021
6470.05583,0.00440443829959615,1399680.87082779,1660.43412062409,9331.20580551858
6470.06583,0.00441695647263903,1400889.32658947,1665.15336068024,9339.26217726317
6470.07583,0.00442949427834249,1402098.77945009,1669.88000207506,9347.32519633393
6470.08583,0.00444205171670656,1403309.22940964,1674.61404480855,9355.3948627309
6470.09582,0.00445462878773121,1404520.67646811,1679.35548888072,9363.47117645404
6470.10582,0.00446722549141646,1405733.12062551,1684.10433429156,9371.55413750338
6470.11582,0.00447984182776231,1406946.56188184,1688.86058104108,9379.64374587893
6470.12582,0.00449247779676874,1408161.0002371,1693.62422912927,9387.74000158066
6470.13581,0.00450513339843577,1409376.43569129,1698.39527855614,9395.84290460858
6470.14581,0.0045178086327634,1410592.8682444,1703.17372932169,9403.95245496269
6470.15581,0.00453050349975162,1411810.29789645,1707.9595814259,9412.06865264302
6470.1658,0.00454321799940043,1413028.72464743,1712.7528348688,9420.19149764953
6470.1758,0.00455595213170985,1414248.14849733,1717.55348965037,9428.32098998221
6470.1858,0.00456870589667984,1415468.56944616,1722.36154577061,9436.45712964109
6470.1958,0.00458147929431044,1416689.98749393,1727.17700322953,9444.59991662617
6470.20579,0.00459427232460164,1417912.40264062,1731.99986202713,9452.74935093744
6470.21579,0.00460708498755342,1419135.81488624,1736.8301221634,9460.90543257491
6470.22579,0.0046199172831658,1420360.22423078,1741.66778363834,9469.06816153857
6470.23579,0.00463276921143877,1421585.63067426,1746.51284645196,9477.23753782842
6470.24578,0.00464564077237235,1422812.03421667,1751.36531060426,9485.41356144446
6470.25578,0.00465853196596651,1424039.434858,1756.22517609523,9493.59623238669
6470.26578,0.00467144279222126,1425267.83259827,1761.09244292488,9501.78555065512
6470.27578,0.00468437325113661,1426497.22743746,1765.9671110932,9509.98151624976
6470.28577,0.00469732334271256,1427727.61937558,1770.84918060019,9518.18412917056
6470.29577,0.0047102930669491,1428959.00841263,1775.73865144587,9526.39338941756
6470.30577,0.00472328242384622,1430191.39454861,1780.63552363021,9534.60929699077
6470.31577,0.00473629141340396,1431424.77778352,1785.53979715323,9542.83185189015
6470.32576,0.00474932003562227,1432659.15811736,1790.45147201493,9551.06105411573
6470.33576,0.0047623682905012,1433894.53555013,1795.37054821531,9559.29690366753
6470.34576,0.00477543617804071,1435130.91008183,1800.29702575435,9567.5394005455
6470.35576,0.00478852369824081,1436368.28171245,1805.23090463207,9575.78854474966
6470.36575,0.00480163085110151,1437606.650442,1810.17218484847,9584.04433628001
6470.37575,0.00481475763662281,1438846.01627049,1815.12086640355,9592.30677513657
6470.38575,0.00482790405480469,1440086.37919789,1820.07694929729,9600.57586131928
6470.39575,0.00484107010564717,1441327.73922423,1825.04043352972,9608.85159482823
6470.40574,0.00485425578915025,1442570.0963495,1830.01131910082,9617.13397566336
6470.41574,0.00486746110531391,1443813.4505737,1834.98960601059,9625.42300382467
6470.42574,0.00488068605413817,1445057.80189683,1839.97529425904,9633.71867931219
6470.43573,0.00489393063562304,1446303.15031888,1844.96838384616,9642.02100212589
6470.44573,0.00490719484976848,1447549.49583987,1849.96887477196,9650.3299722658
6470.45573,0.00492047869657454,1448796.83845978,1854.97676703644,9658.64558973187
6470.46573,0.00493378217604117,1450045.17817862,1859.99206063958,9666.96785452416
6470.47572,0.00494710528816841,1451294.5149964,1865.01475558141,9675.29676664264
6470.48572,0.00496044803295624,1452544.8489131,1870.04485186191,9683.63232608731
6470.49572,0.00497381041040466,1453796.17992872,1875.08234948109,9691.97453285816
6470.50572,0.00498719242051368,1455048.50804328,1880.12724843894,9700.32338695522
6470.51571,0.00500059406328329,1456301.83325677,1885.17954873546,9708.67888837846
6470.52571,0.0050140153387135,1457556.15556919,1890.23925037067,9717.04103712792
6470.53571,0.0050274562468043,1458811.47498053,1895.30635334454,9725.40983320353
6470.54571,0.00504091678755569,1460067.7914908,1900.38085765709,9733.78527660537
6470.5557,0.00505439696096768,1461325.10510001,1905.46276330832,9742.16736733338
6470.5657,0.00506789676704026,1462583.41580814,1910.55207029822,9750.55610538758
6470.5757,0.00508141620577343,1463842.7236152,1915.64877862679,9758.95149076799
6470.5857,0.0050949552771672,1465103.02852119,1920.75288829404,9767.35352347457
6470.59569,0.00510851398122157,1466364.3305261,1925.86439929997,9775.76220350737
6470.60569,0.00512209231793653,1467626.62962995,1930.98331164458,9784.17753086634
6470.61569,0.00513569028731208,1468889.92583273,1936.10962532785,9792.59950555152
6470.62569,0.00514930788934823,1470154.21913443,1941.2433403498,9801.02812756289
6470.63568,0.00516294512404498,1471419.50953506,1946.38445671043,9809.46339690043
6470.64568,0.0051766019914023,1472685.79703463,1951.53297440973,9817.9053135642
6470.65568,0.00519027849142024,1473953.08163312,1956.68889344771,9826.35387755414
6470.66567,0.00520397462409877,1475221.36333054,1961.85221382437,9834.80908887028
6470.67567,0.00521769038943789,1476490.64212689,1967.0229355397,9843.27094751262
6470.68567,0.0052314257874376,1477760.91802217,1972.2010585937,9851.73945348112
6470.69567,0.0052451808180979,1479032.19101638,1977.38658298638,9860.21460677583
6470.70566,0.0052589554814188,1480304.46110951,1982.57950871773,9868.69640739675
6470.71566,0.0052727497774003,1481577.72830158,1987.77983578776,9877.18485534384
6470.72566,0.00528656370604239,1482851.99259257,1992.98756419646,9885.67995061714
6470.73566,0.00530039726734507,1484127.25398249,1998.20269394384,9894.18169321662
6470.74565,0.00531425046130835,1485403.51247135,2003.4252250299,9902.69008314231
6470.75565,0.00532812328793222,1486680.76805913,2008.65515745463,9911.20512039418
6470.76565,0.00534201574721669,1487959.02074584,2013.89249121803,9919.72680497224
6470.77565,0.00535592783916175,1489238.27053147,2019.13722632011,9928.25513687648
6470.78564,0.00536985956376741,1490518.51741604,2024.38936276087,9936.79011610695
6470.79564,0.00538381092103365,1491799.76139954,2029.6489005403,9945.33174266358
6470.80564,0.00539778191096049,1493082.00248196,2034.9158396584,9953.88001654642
6470.81564,0.00541177253354793,1494365.24066332,2040.19018011518,9962.43493775544
6470.82563,0.00542578278879597,1495649.4759436,2045.47192191064,9970.99650629066
6470.83563,0.00543981267670459,1496934.70832281,2050.76106504477,9979.56472215208
6470.84563,0.00545386219727381,1498220.93780095,2056.05760951758,9988.13958533966
6470.85563,0.00546793135050362,1499508.16437802,2061.36155532906,9996.72109585346
6470.86562,0.00548202013639402,1500796.38805402,2066.67290247921,10005.3092536935
6470.87562,0.00549612855494503,1502085.60882895,2071.99165096805,10013.9040588596
6470.88562,0.00551025660615663,1503375.8267028,2077.31780079556,10022.505511352
6470.89561,0.00552440429002882,1504667.04167559,2082.65135196174,10031.1136111706
6470.90561,0.0055385716065616,1505959.2537473,2087.99230446659,10039.7283583153
6470.91561,0.00555275855575498,1507252.46291795,2093.34065831013,10048.3497527863
6470.92561,0.00556696513760896,1508546.66918752,2098.69641349234,10056.9777945835
6470.9356,0.00558119135212352,1509841.87255602,2104.05957001322,10065.6124837068
6470.9456,0.00559543719929869,1511138.07302345,2109.43012787278,10074.2538201563
6470.9556,0.00560970267913445,1512435.27058981,2114.80808707101,10082.901803932
6470.9656,0.0056239877916308,1513733.46525509,2120.19344760792,10091.5564350339
6470.97559,0.00563829253678774,1515032.65701931,2125.5862094835,10100.2177134621
6470.98559,0.00565261691460528,1516332.84588245,2130.98637269776,10108.8856392164
6470.99559,0.00566696092508341,1517634.03184453,2136.39393725069,10117.5602122969
6471.00559,0.00568132456822213,1518936.21490553,2141.8089031423,10126.2414327036
6471.01558,0.00569570784402146,1520239.39506546,2147.23127037259,10134.9293004364
6471.02558,0.00571011075248137,1521543.57232432,2152.66103894155,10143.6238154955
6471.03558,0.00572453329360188,1522848.74668212,2158.09820884918,10152.3249778808
6471.04558,0.00573897546738298,1524154.91813884,2163.54278009549,10161.0327875922
6471.05557,0.00575343727382468,1525462.08669448,2168.99475268048,10169.7472446299
6471.06557,0.00576791871292697,1526770.25234906,2174.45412660414,10178.4683489937
6471.07557,0.00578241978468987,1528079.41510256,2179.92090186648,10187.1961006838
6471.08557,0.00579694048911334,1529389.574955,2185.39507846748,10195.9304997
6471.09556,0.00581148082619742,1530700.73190636,2190.87665640717,10204.6715460424
6471.10556,0.00582604079594209,1532012.88595666,2196.36563568553,10213.419239711
6471.11556,0.00584062039834735,1533326.03710588,2201.86201630257,10222.1735807058
6471.12556,0.00585521963341321,1534640.18535403,2207.36579825828,10230.9345690268
6471.13555,0.00586983850113965,1535955.33070111,2212.87698155266,10239.702204674
6471.14555,0.0058844770015267,1537271.47314711,2218.39556618573,10248.4764876474
6471.15555,0.00589913513457434,1538588.61269205,2223.92155215746,10257.257417947
6471.16554,0.00591381290028258,1539906.74933591,2229.45493946787,10266.0449955728
6471.17554,0.0059285102986514,1541225.88307871,2234.99572811696,10274.8392205247
6471.18554,0.00594322732968083,1542546.01392043,2240.54391810472,10283.6400928029
6471.19554,0.00595796399337085,1543867.14186108,2246.09950943116,10292.4476124072
6471.20553,0.00597272028972146,1545189.26690067,2251.66250209628,10301.2617793378
6471.21553,0.00598749621873266,1546512.38903918,2257.23289610006,10310.0825935945
6471.22553,0.00600229178040446,1547836.50827662,2262.81069144253,10318.9100551774
6471.23553,0.00601710697473686,1549161.62461298,2268.39588812367,10327.7441640866
6471.24552,0.00603194180172985,1550487.73804828,2273.98848614348,10336.5849203219
6471.25552,0.00604679626138343,1551814.84858251,2279.58848550197,10345.4323238834
6471.26552,0.0060616703536976,1553142.95621566,2285.19588619913,10354.2863747711
6471.27552,0.00607656407867236,1554472.06094774,2290.81068823497,10363.147072985
6471.28551,0.00609147743630774,1555802.16277876,2296.43289160948,10372.014418525
6471.29551,0.0061064104266037,1557133.2617087,2302.06249632267,10380.8884113913
6471.30551,0.00612136304956024,1558465.35773757,2307.69950237454,10389.7690515838
6471.31551,0.0061363353051774,1559798.45086537,2313.34390976508,10398.6563391025
6471.3255,0.00615132719345513,1561132.54109209,2318.99571849429,10407.5502739473
6471.3355,0.00616633871439347,1562467.62841775,2324.65492856218,10416.4508561183
6471.3455,0.0061813698679924,1563803.71284234,2330.32153996875,10425.3580856156
6471.3555,0.00619642065425193,1565140.79436585,2335.99555271399,10434.271962439
6471.36549,0.00621149107317205,1566478.8729883,2341.67696679791,10443.1924865886
6471.37549,0.00622658112475276,1567817.94870967,2347.3657822205,10452.1196580645
6471.38549,0.00624169080899407,1569158.02152997,2353.06199898176,10461.0534768665
6471.39548,0.00625682012589595,1570499.0914492,2358.7656170817,10469.9939429947
6471.40548,0.00627196907545846,1571841.15846736,2364.47663652032,10478.9410564491
6471.41548,0.00628713765768154,1573184.22258445,2370.19505729761,10487.8948172296
6471.42548,0.00630232587256523,1574528.28380046,2375.92087941358,10496.8552253364
6471.43547,0.00631753372010951,1575873.34211541,2381.65410286822,10505.8222807694
6471.44547,0.00633276120031438,1577219.39752929,2387.39472766154,10514.7959835286
6471.45547,0.00634800831317984,1578566.45004209,2393.14275379353,10523.7763336139
6471.46547,0.00636327505870591,1579914.49965382,2398.8981812642,10532.7633310255
6471.47546,0.00637856143689255,1581263.54636448,2404.66101007353,10541.7569757632
6471.48546,0.00639386744773981,1582613.59017407,2410.43124022156,10550.7572678272
6471.49546,0.00640919309124764,1583964.63108259,2416.20887170824,10559.7642072173
6471.50546,0.00642453836741608,1585316.66909004,2421.99390453361,10568.7777939336
6471.51545,0.00643990327624511,1586669.70419642,2427.78633869766,10577.7980279761
6471.52545,0.00645528781773474,1588023.73640172,2433.58617420038,10586.8249093448
6471.53545,0.00647069199188496,1589378.76570596,2439.39341104177,10595.8584380397
6471.54545,0.00648611579869578,1590734.79210912,2445.20804922184,10604.8986140608
6471.55544,0.00650155923816718,1592091.81561122,2451.03008874058,10613.9454374081
6471.56544,0.00651702231029917,1593449.83621224,2456.859529598,10622.9989080816
6471.57544,0.00653250501509178,1594808.85391219,2462.6963717941,10632.0590260813
6471.58544,0.00654800735254497,1596168.86871107,2468.54061532887,10641.1257914071
6471.59543,0.00656352932265876,1597529.88060888,2474.39226020231,10650.1992040592
6471.60543,0.00657907092543313,1598891.88960561,2480.25130641443,10659.2792640374
6471.61543,0.0065946321608681,1600254.89570128,2486.11775396523,10668.3659713419
6471.62543,0.00661021302896368,1601618.89889587,2491.9916028547,10677.4593259725
6471.63542,0.00662581352971983,1602983.8991894,2497.87285308284,10686.5593279293
6471.64542,0.00664143366313659,1604349.89658185,2503.76150464966,10695.6659772124
6471.65542,0.00665707342921394,1605716.89107324,2509.65755755516,10704.7792738216
6471.66541,0.00667273282795189,1607084.88266355,2515.56101179933,10713.899217757
6471.67541,0.00668841185935042,1608453.87135279,2521.47186738218,10723.0258090186
6471.68541,0.00670411052340955,1609823.85714095,2527.3901243037,10732.1590476064
6471.69541,0.00671982882012928,1611194.84002805,2533.31578256389,10741.2989335204
6471.7054,0.00673556674950959,1612566.82001408,2539.24884216276,10750.4454667605
6471.7154,0.00675132431155051,1613939.79709903,2545.18930310031,10759.5986473269
6471.7254,0.00676710150625203,1615313.77128292,2551.13716537654,10768.7584752194
6471.7354,0.00678289833361412,1616688.74256573,2557.09242899143,10777.9249504382
6471.74539,0.00679871479363682,1618064.71094747,2563.055093945,10787.0980729831
6471.75539,0.0068145508863201,1619441.67642814,2569.02516023725,10796.2778428543
6471.76539,0.00683040661166399,1620819.63900774,2575.00262786817,10805.4642600516
6471.77539,0.00684628196966847,1622198.59868627,2580.98749683777,10814.6573245752
6471.78538,0.00686217696033355,1623578.55546373,2586.97976714604,10823.8570364249
6471.79538,0.00687809158365922,1624959.50934011,2592.97943879299,10833.0633956008
6471.80538,0.00689402583964548,1626341.46031543,2598.98651177861,10842.2764021029
6471.81538,0.00690997972829234,1627724.40838967,2605.00098610291,10851.4960559312
6471.82537,0.00692595324959979,1629108.35356285,2611.02286176589,10860.7223570857
6471.83537,0.00694194640356783,1630493.29583495,2617.05213876754,10869.9553055663
6471.84537,0.00695795919019648,1631879.23520599,2623.08881710786,10879.1949013732
6471.85537,0.0069739916094857,1633266.17167594,2629.13289678686,10888.4411445063
6471.86536,0.00699004366143555,1634654.10524483,2635.18437780454,10897.6940349655
6471.87536,0.00700611534604595,1636043.03591265,2641.24326016088,10906.953572751
6471.88536,0.00702220666331697,1637432.96367939,2647.30954385591,10916.2197578626
6471.89535,0.00703831761324859,1638823.88854507,2653.38322888961,10925.4925903005
6471.90535,0.00705444819584079,1640215.81050968,2659.46431526198,10934.7720700645
6471.91535,0.0070705984110936,1641608.72957321,2665.55280297304,10944.0581971547
6471.92535,0.00708676825900699,1643002.64573567,2671.64869202276,10953.3509715711
6471.93534,0.00710295773958097,1644397.55899706,2677.75198241116,10962.6503933137
6471.94534,0.00711916685281555,1645793.46935738,2683.86267413824,10971.9564623825
6471.95534,0.00713539559871072,1647190.37681663,2689.98076720398,10981.2691787775
6471.96534,0.0071516439772665,1648588.28137481,2696.10626160842,10990.5885424987
6471.97533,0.00716791198848286,1649987.18303192,2702.23915735152,10999.9145535461
6471.98533,0.00718419963235982,1651387.08178795,2708.37945443329,11009.2472119197
6471.99533,0.00720050690889737,1652787.97764291,2714.52715285374,11018.5865176194
6472.00533,0.00721683381809551,1654189.87059681,2720.68225261287,11027.9324706454
6472.01532,0.00723318035995425,1655592.76064963,2726.84475371067,11037.2850709975
6472.02532,0.0072495465344736,1656996.64780138,2733.01465614715,11046.6443186759
6472.03532,0.00726593234165352,1658401.53205206,2739.1919599223,11056.0102136804
6472.04532,0.00728233778149404,1659807.41340167,2745.37666503613,11065.3827560111
6472.05531,0.00729876285399516,1661214.29185021,2751.56877148863,11074.7619456681
6472.06531,0.00731520755915687,1662622.16739768,2757.76827927981,11084.1477826512
6472.07531,0.00733167189697918,1664031.04004407,2763.97518840966,11093.5402669605
6472.08531,0.00734815586746207,1665440.9097894,2770.18949887819,11102.939398596
6472.0953,0.00736465947060557,1666851.77663365,2776.4112106854,11112.3451775577
6472.1053,0.00738118270640966,1668263.64057683,2782.64032383127,11121.7576038456
6472.1153,0.00739772557487433,1669676.50161894,2788.87683831582,11131.1766774596
6472.12529,0.00741428807599963,1671090.35975999,2795.12075413906,11140.6023983999
6472.13529,0.00743087020978549,1672505.21499995,2801.37207130096,11150.0347666663
6472.14529,0.00744747197623194,1673921.06733885,2807.63078980154,11159.473782259
6472.15529,0.00746409337533902,1675337.91677668,2813.8969096408,11168.9194451779
6472.16528,0.00748073440710667,1676755.76331344,2820.17043081872,11178.3717554229
6472.17528,0.00749739507153492,1678174.60694912,2826.45135333533,11187.8307129941
6472.18528,0.00751407536862376,1679594.44768373,2832.73967719061,11197.2963178916
6472.19528,0.00753077529837319,1681015.28551728,2839.03540238456,11206.7685701152
6472.20527,0.00754749486078322,1682437.12044975,2845.33852891719,11216.247469665
6472.21527,0.00756423405585385,1683859.95248115,2851.6490567885,11225.733016541
6472.22527,0.00758099288358506,1685283.78161148,2857.96698599848,11235.2252107432
6472.23527,0.00759777134397687,1686708.60784074,2864.29231654714,11244.7240522716
6472.24526,0.00761456943702928,1688134.43116892,2870.62504843447,11254.2295411261
6472.25526,0.00763138716274227,1689561.25159604,2876.96518166047,11263.7416773069
6472.26526,0.00764822452111589,1690989.06912208,2883.31271622516,11273.2604608139
6472.27526,0.00766508151215009,1692417.88374706,2889.66765212852,11282.7858916471
6472.28525,0.00768195813584487,1693847.69547096,2896.02998937055,11292.3179698064
6472.29525,0.00769885439220023,1695278.50429379,2902.39972795125,11301.856695292
6472.30525,0.00771577028121621,1696710.31021555,2908.77686787064,11311.4020681037
6472.31525,0.00773270580289278,1698143.11323624,2915.16140912869,11320.9540882416
6472.32524,0.00774966095722992,1699576.91335586,2921.55335172542,11330.5127557057
6472.33524,0.00776663574422769,1701011.71057441,2927.95269566083,11340.078070496
6472.34524,0.00778363016388602,1702447.50489188,2934.35944093491,11349.6500326126
6472.35524,0.00780064421620498,1703884.29630829,2940.77358754767,11359.2286420553
6472.36523,0.00781767790118455,1705322.08482362,2947.19513549912,11368.8138988242
6472.37523,0.00783473121882462,1706760.87043788,2953.6240847892,11378.4058029192
6472.38523,0.00785180416912538,1708200.65315108,2960.060435418,11388.0043543405
6472.39522,0.00786889675208669,1709641.4329632,2966.50418738546,11397.609553088
6472.40522,0.0078860089677086,1711083.20987425,2972.95534069159,11407.2213991616
6472.41522,0.00790314081599113,1712525.98388423,2979.41389533641,11416.8398925615
6472.42522,0.00792029229693421,1713969.75499314,2985.87985131988,11426.4650332876
6472.43521,0.00793746341053793,1715414.52320097,2992.35320864205,11436.0968213398
6472.44521,0.0079546541568022,1716860.28850773,2998.83396730288,11445.7352567182
6472.45521,0.00797186453572708,1718307.05091343,3005.32212730239,11455.3803394229
6472.46521,0.00798909454731257,1719754.81041805,3011.81768864057,11465.0320694537
6472.4752,0.00800634419155865,1721203.5670216,3018.32065131744,11474.6904468107
6472.4852,0.00802361346846531,1722653.32072408,3024.83101533297,11484.3554714939
