Time,Velocity,Pressure,Gamma,Tau
6704.48481,0.000508368637895612,800175.180333183,191.650461375397,5334.50120222122
6704.49481,0.000509182233640708,800988.020932599,191.957179745291,5339.92013955066
6704.50481,0.000510012587192436,801800.550139954,192.27021565945,5345.33700093303
6704.5148,0.000510859698550796,802612.767955248,192.589569117873,5350.75178636832
6704.5248,0.000511723567715787,803424.674378481,192.915240120561,5356.16449585654
6704.5348,0.000512604194687409,804236.269409653,193.247228667513,5361.57512939768
6704.5448,0.000513501579465661,805047.553048763,193.585534758729,5366.98368699175
6704.55479,0.000514415722050546,805858.525295813,193.93015839421,5372.39016863876
6704.56479,0.000515346622442064,806669.186150802,194.281099573956,5377.79457433868
6704.57479,0.000516294280640211,807479.53561373,194.638358297966,5383.19690409153
6704.58479,0.000517258696644991,808289.573684596,195.00193456624,5388.59715789731
6704.59478,0.000518239870456403,809099.300363403,195.37182837878,5393.99533575602
6704.60478,0.000519237802074446,809908.715650148,195.748039735583,5399.39143766765
6704.61478,0.00052025249149912,810717.819544832,196.130568636651,5404.78546363221
6704.62477,0.000521283938730427,811526.612047454,196.519415081983,5410.17741364969
6704.63477,0.000522332143768364,812335.093158016,196.91457907158,5415.56728772011
6704.64477,0.000523397106612932,813143.262876517,197.316060605441,5420.95508584344
6704.65477,0.000524478827264132,813951.121202957,197.723859683567,5426.34080801971
6704.66476,0.000525577305721965,814758.668137335,198.137976305957,5431.7244542489
6704.67476,0.000526692541986426,815565.903679653,198.558410472611,5437.10602453102
6704.68476,0.000527824536057522,816372.827829909,198.98516218353,5442.48551886606
6704.69476,0.000528973287935248,817179.440588106,199.418231438714,5447.86293725404
6704.70475,0.000530138797619606,817985.741954241,199.857618238162,5453.23827969494
6704.71475,0.000531321065110596,818791.731928314,200.303322581874,5458.61154618876
6704.72475,0.000532520090408217,819597.410510326,200.755344469851,5463.98273673551
6704.73475,0.000533735873512469,820402.777700278,201.213683902092,5469.35185133519
6704.74474,0.000534968414423354,821207.83349817,201.678340878599,5474.7188899878
6704.75474,0.000536217713140868,822012.577903999,202.149315399369,5480.08385269333
6704.76474,0.000537483769665016,822817.010917767,202.626607464403,5485.44673945178
6704.77474,0.000538766583995793,823621.132539476,203.110217073702,5490.80755026317
6704.78473,0.000540066156133203,824424.942769122,203.600144227266,5496.16628512748
6704.79473,0.000541382486077245,825228.441606708,204.096388925094,5501.52294404472
6704.80473,0.000542715573827919,826031.629052232,204.598951167187,5506.87752701488
6704.81473,0.000544065419385223,826834.505105696,205.107830953544,5512.23003403797
6704.82472,0.00054543202274916,827637.069767099,205.623028284166,5517.58046511399
6704.83472,0.000546815383919728,828439.32303644,206.144543159052,5522.92882024293
6704.84472,0.000548215502896926,829241.264913721,206.672375578202,5528.27509942481
6704.85472,0.000549632379680755,830042.89539894,207.206525541616,5533.6193026596
6704.86471,0.000551066014271218,830844.214492099,207.746993049296,5538.96142994733
6704.87471,0.000552516406668312,831645.222193197,208.29377810124,5544.30148128798
6704.88471,0.000553983556872036,832445.918502232,208.846880697448,5549.63945668155
6704.8947,0.000555467464882393,833246.303419208,209.406300837921,5554.97535612805
6704.9047,0.000556968130699381,834046.376944123,209.972038522658,5560.30917962749
6704.9147,0.000558485554323002,834846.139076976,210.54409375166,5565.64092717984
6704.9247,0.000560019735753252,835645.589817769,211.122466524926,5570.97059878513
6704.93469,0.000561570674990136,836444.7291665,211.707156842457,5576.29819444333
6704.94469,0.000563138372033649,837243.557123171,212.298164704251,5581.62371415447
6704.95469,0.000564722826883794,838042.07368778,212.895490110311,5586.94715791853
6704.96469,0.000566324039540572,838840.278860329,213.499133060635,5592.26852573553
6704.97468,0.00056794201000398,839638.172640816,214.109093555223,5597.58781760544
6704.98468,0.00056957673827402,840435.755029243,214.725371594076,5602.90503352829
6704.99468,0.000571228224350693,841233.026025608,215.347967177193,5608.22017350405
6705.00468,0.000572896468233995,842029.985629912,215.976880304575,5613.53323753275
6705.01467,0.000574581469923929,842826.633842156,216.612110976221,5618.84422561438
6705.02467,0.000576283229420496,843622.970662338,217.253659192132,5624.15313774892
6705.03467,0.000578001746723694,844418.99609046,217.901524952307,5629.4599739364
6705.04467,0.000579737021833524,845214.71012652,218.555708256747,5634.7647341768
6705.05466,0.000581489054749984,846010.112770519,219.216209105451,5640.06741847013
6705.06466,0.000583257845473076,846805.204022458,219.883027498419,5645.36802681639
6705.07466,0.0005850433940028,847599.983882336,220.556163435652,5650.66655921557
6705.08466,0.000586845700339156,848394.452350152,221.23561691715,5655.96301566768
6705.09465,0.000588664764482142,849188.609425907,221.921387942911,5661.25739617272
6705.10465,0.000590500586431761,849982.455109601,222.613476512938,5666.54970073067
6705.11465,0.000592353166188011,850775.989401235,223.311882627229,5671.83992934157
6705.12464,0.000594222503750891,851569.212300807,224.016606285784,5677.12808200538
6705.13464,0.000596108599120404,852362.123808319,224.727647488604,5682.41415872212
6705.14464,0.000598011452296549,853154.723923769,225.445006235688,5687.69815949179
6705.15464,0.000599931063279325,853947.012647158,226.168682527037,5692.98008431439
6705.16463,0.000601867432068731,854738.989978487,226.89867636265,5698.25993318991
6705.17463,0.000603820558664771,855530.655917753,227.634987742527,5703.53770611836
6705.18463,0.000605790443067441,856322.01046496,228.37761666667,5708.81340309973
6705.19463,0.000607777085276742,857113.053620105,229.126563135076,5714.08702413403
6705.20462,0.000609780485292676,857903.785383189,229.881827147747,5719.35856922126
6705.21462,0.000611800643115241,858694.205754213,230.643408704682,5724.62803836142
6705.22462,0.000613837558744437,859484.314733175,231.411307805882,5729.8954315545
6705.23462,0.000615891232180266,860274.112320076,232.185524451347,5735.16074880051
6705.24461,0.000617961663422726,861063.598514917,232.966058641076,5740.42399009945
6705.25461,0.000620048852471815,861852.773317696,233.752910375068,5745.68515545131
6705.26461,0.000622152799327538,862641.636728414,234.546079653326,5750.94424485609
6705.27461,0.000624273503989893,863430.188747071,235.345566475849,5756.20125831381
6705.2846,0.000626410966458877,864218.429373667,236.151370842635,5761.45619582445
6705.2946,0.000628565186734496,865006.358608202,236.963492753687,5766.70905738802
6705.3046,0.000630736164816743,865793.976450676,237.781932209002,5771.95984300451
6705.3146,0.000632923900705623,866581.28290109,238.606689208582,5777.20855267393
6705.32459,0.000635128394401134,867368.277959442,239.437763752426,5782.45518639628
6705.33459,0.000637349645903278,868154.961625732,240.275155840535,5787.69974417155
6705.34459,0.000639587655212052,868941.333899963,241.118865472908,5792.94222599975
6705.35458,0.000641842422327458,869727.394782131,241.968892649546,5798.18263188087
6705.36458,0.000644113947249496,870513.14427224,242.825237370449,5803.42096181493
6705.37458,0.000646402229978164,871298.582370288,243.687899635615,5808.65721580192
6705.38458,0.000648707270513465,872083.709076274,244.556879445047,5813.89139384182
6705.39457,0.000651029068855397,872868.524390198,245.432176798742,5819.12349593466
6705.40457,0.00065336762500396,873653.028312062,246.313791696702,5824.35352208042
6705.41457,0.000655722938959156,874437.220841865,247.201724138927,5829.5814722791
6705.42457,0.000658095010720983,875221.101979607,248.095974125416,5834.80734653071
6705.43456,0.000660483840289441,876004.671725288,248.99654165617,5840.03114483526
6705.44456,0.000662889427664531,876787.930078909,249.903426731188,5845.25286719272
6705.45456,0.000665311772846252,877570.877040467,250.81662935047,5850.47251360312
6705.46456,0.000667750875834604,878353.512609965,251.736149514017,5855.69008406644
6705.47455,0.000670206736629589,879135.836787402,252.661987221829,5860.90557858268
6705.48455,0.000672679355231204,879917.849572779,253.594142473904,5866.11899715186
6705.49455,0.00067516873163945,880699.550966093,254.532615270244,5871.33033977395
6705.50455,0.00067767486585433,881480.940967347,255.477405610849,5876.53960644898
6705.51454,0.00068019775787584,882262.019576541,256.428513495719,5881.74679717694
6705.52454,0.000682737407703982,883042.786793672,257.385938924852,5886.95191195781
6705.53454,0.000685293815338755,883823.242618743,258.34968189825,5892.15495079162
6705.54454,0.000687866980780159,884603.387051753,259.319742415913,5897.35591367835
6705.55453,0.000690456904028196,885383.220092702,260.29612047784,5902.55480061801
6705.56453,0.000693063585082864,886162.74174159,261.278816084031,5907.7516116106
6705.57453,0.000695687023944163,886941.951998417,262.267829234487,5912.94634665611
6705.58453,0.000698327220612093,887720.850863183,263.263159929208,5918.13900575456
6705.59452,0.000700984175086656,888499.438335887,264.264808168193,5923.32958890591
6705.60452,0.000703657887367849,889277.714416531,265.272773951442,5928.51809611021
6705.61452,0.000706348357455674,890055.679105114,266.287057278956,5933.70452736743
6705.62451,0.000709055585350131,890833.332401636,267.307658150734,5938.88888267758
6705.63451,0.00071177957105122,891610.674306097,268.334576566777,5944.07116204065
6705.64451,0.00071452031455894,892387.704818497,269.367812527084,5949.25136545664
6705.65451,0.000717277815873291,893164.423938835,270.407366031656,5954.42949292557
6705.6645,0.000720052074994274,893940.831667113,271.453237080492,5959.60554444742
6705.6745,0.000722843091921889,894716.928003331,272.505425673592,5964.7795200222
6705.6845,0.000725650866656134,895492.712947486,273.563931810957,5969.95141964991
6705.6945,0.000728475399197011,896268.18649958,274.628755492587,5975.12124333054
6705.70449,0.000731316689544521,897043.348659615,275.699896718481,5980.2889910641
6705.71449,0.00073417473769866,897818.199427587,276.777355488639,5985.45466285058
6705.72449,0.000737049543659433,898592.738803499,277.861131803062,5990.61825868999
6705.73449,0.000739941107426835,899366.96678735,278.951225661749,5995.77977858233
6705.74448,0.000742849429000871,900140.883379139,280.047637064701,6000.93922252759
6705.75448,0.000745774508381538,900914.488578869,281.150366011917,6006.09659052579
6705.76448,0.000748716345568836,901687.782386536,282.259412503398,6011.25188257691
6705.77448,0.000751674940562765,902460.764802142,283.374776539143,6016.40509868095
6705.78447,0.000754650293363326,903233.435825689,284.496458119153,6021.55623883792
6705.79447,0.000757642403970518,904005.795457173,285.624457243427,6026.70530304782
6705.80447,0.000760651272384341,904777.843696597,286.758773911965,6031.85229131065
6705.81447,0.000763676898604798,905549.58054396,287.899408124769,6036.9972036264
6705.82446,0.000766719282631885,906321.005999261,289.046359881836,6042.14003999508
6705.83446,0.000769778424465603,907092.120062502,290.199629183168,6047.28080041668
6705.84446,0.000772854324105953,907862.922733681,291.359216028764,6052.41948489121
6705.85445,0.000775946981552936,908633.4140128,292.525120418625,6057.55609341867
6705.86445,0.000779056396806548,909403.593899858,293.69734235275,6062.69062599906
6705.87445,0.000782182569866793,910173.462394855,294.87588183114,6067.82308263236
6705.88445,0.000785325500733667,910943.01949779,296.060738853794,6072.9534633186
6705.89444,0.000788485189407177,911712.265208664,297.251913420713,6078.08176805776
6705.90444,0.000791661635887315,912481.199527478,298.449405531896,6083.20799684985
6705.91444,0.000794854840174085,913249.822454231,299.653215187343,6088.33214969487
6705.92444,0.000798064802267488,914018.133988922,300.863342387056,6093.45422659282
6705.93443,0.000801291522167521,914786.134131553,302.079787131032,6098.57422754369
6705.94443,0.000804534999874186,915553.822882123,303.302549419273,6103.69215254749
6705.95443,0.000807795235387484,916321.200240631,304.531629251779,6108.80800160421
6705.96443,0.000811072228707411,917088.266207079,305.767026628548,6113.92177471386
6705.97442,0.00081436597983397,917855.020781465,307.008741549583,6119.03347187643
6705.98442,0.000817676488767161,918621.46396379,308.256774014881,6124.14309309193
6705.99442,0.000821003755506984,919387.595754054,309.511124024445,6129.25063836036
6706.00442,0.000824347780053438,920153.41615226,310.771791578272,6134.35610768173
6706.01441,0.000827708562406524,920918.925158401,312.038776676365,6139.45950105601
6706.02441,0.000831086102566241,921684.122772483,313.312079318721,6144.56081848322
6706.03441,0.00083448040053259,922449.008994502,314.591699505342,6149.66005996335
6706.04441,0.000837891456305571,923213.583824462,315.877637236228,6154.75722549641
6706.0544,0.000841319269885182,923977.847262361,317.169892511378,6159.8523150824
6706.0644,0.000844763841271425,924741.799308198,318.468465330792,6164.94532872132
6706.0744,0.000848225170464301,925505.439961975,319.773355694472,6170.03626641316
6706.08439,0.000851703257463807,926268.76922369,321.084563602415,6175.12512815794
6706.09439,0.000855198102269944,927031.787093345,322.402089054623,6180.21191395563
6706.10439,0.000858709704882714,927794.493570937,323.725932051095,6185.29662380625
6706.11439,0.000862238065302115,928556.88865647,325.056092591832,6190.3792577098
6706.12438,0.000865783183528146,929318.972349941,326.392570676833,6195.45981566628
6706.13438,0.00086934505956081,930080.744651352,327.735366306099,6200.53829767568
6706.14438,0.000872923693400106,930842.205560701,329.084479479629,6205.61470373801
6706.15438,0.000876519085046032,931603.35507799,330.439910197423,6210.68903385327
6706.16437,0.000880131234498591,932364.193203217,331.801658459483,6215.76128802144
6706.17437,0.000883760141757781,933124.719936384,333.169724265806,6220.83146624256
6706.18437,0.000887405806823602,933884.935277488,334.544107616394,6225.89956851658
6706.19437,0.000891068229696055,934644.839226533,335.924808511247,6230.96559484355
6706.20436,0.000894747410375139,935404.431783516,337.311826950363,6236.02954522344
6706.21436,0.000898443348860856,936163.712948438,338.705162933745,6241.09141965625
6706.22436,0.000902156045153202,936922.6827213,340.104816461391,6246.151218142
6706.23436,0.000905885499252181,937681.3411021,341.510787533301,6251.20894068067
6706.24435,0.000909631711157791,938439.688090839,342.923076149476,6256.26458727226
6706.25435,0.000913394680870034,939197.723687518,344.341682309915,6261.31815791679
6706.26435,0.000917174408388908,939955.447892134,345.766606014619,6266.36965261423
6706.27435,0.000920970893714414,940712.860704691,347.197847263587,6271.4190713646
6706.28434,0.000924784136846549,941469.962125186,348.63540605682,6276.46641416791
6706.29434,0.000928614137785317,942226.752153621,350.079282394317,6281.51168102414
6706.30434,0.000932460896530717,942983.230789994,351.529476276078,6286.55487193329
6706.31434,0.000936324413082747,943739.398034306,352.985987702104,6291.59598689538
6706.32433,0.00094020468744141,944495.253886557,354.448816672395,6296.63502591038
6706.33433,0.000944101719606703,945250.798346747,355.917963186949,6301.67198897831
6706.34433,0.000948015509578631,946006.031414876,357.393427245769,6306.70687609918
6706.35432,0.000951946057357185,946760.953090945,358.875208848852,6311.73968727297
6706.36432,0.000955893362942374,947515.563374952,360.3633079962,6316.77042249968
6706.37432,0.000959857426334196,948269.862266898,361.857724687814,6321.79908177932
6706.38432,0.000963838247532646,949023.849766783,363.358458923691,6326.82566511189
6706.39431,0.000967835826537729,949777.525874608,364.865510703832,6331.85017249738
6706.40431,0.000971850163349444,950530.89059037,366.378880028239,6336.8726039358
6706.41431,0.00097588125796779,951283.943914072,367.898566896909,6341.89295942715
6706.42431,0.000979929110392767,952036.685845713,369.424571309844,6346.91123897142
6706.4343,0.000983993720624376,952789.116385293,370.956893267043,6351.92744256862
6706.4443,0.000988075088662617,953541.235532812,372.495532768507,6356.94157021875
6706.4543,0.000992173214507489,954293.04328827,374.040489814236,6361.9536219218
6706.4643,0.000996288098158993,955044.539651667,375.591764404229,6366.96359767778
6706.47429,0.00100041973961713,955795.724623003,377.149356538486,6371.97149748669
6706.48429,0.00100456813888189,956546.598202279,378.713266217008,6376.97732134853
6706.49429,0.00100873329595329,957297.160389493,380.283493439794,6381.98106926328
6706.50429,0.00101291521083132,958047.411184646,381.860038206845,6386.98274123097
6706.51428,0.00101711388351598,958797.350587736,383.44290051816,6391.98233725157
6706.52428,0.00102132931400728,959546.978598769,385.03208037374,6396.97985732513
6706.53428,0.0010255615023052,960296.295217738,386.627577773583,6401.97530145159
6706.54428,0.00102981044840976,961045.300444647,388.229392717692,6406.96866963098
6706.55427,0.00103407615232094,961793.994279495,389.837525206065,6411.9599618633
6706.56427,0.00103835861403876,962542.376722282,391.451975238702,6416.94917814855
6706.57427,0.00104265783356321,963290.447773009,393.072742815605,6421.93631848672
6706.58426,0.00104697381089429,964038.207431673,394.699827936771,6426.92138287782
6706.59426,0.00105130654603201,964785.655698278,396.333230602202,6431.90437132186
6706.60426,0.00105565603897635,965532.79257282,397.972950811898,6436.8852838188
6706.61426,0.00106002228972733,966279.618055302,399.618988565857,6441.86412036868
6706.62425,0.00106440529828494,967026.132145723,401.271343864081,6446.84088097149
6706.63425,0.00106880506464918,967772.334844083,402.93001670657,6451.81556562722
6706.64425,0.00107322158882005,968518.226150382,404.595007093322,6456.78817433588
6706.65425,0.00107765487079755,969263.80606462,406.26631502434,6461.75870709747
6706.66424,0.00108210491058168,970009.074586796,407.943940499623,6466.72716391198
6706.67424,0.00108657170817245,970754.031716912,409.627883519169,6471.69354477942
6706.68424,0.00109105526356984,971498.677454968,411.31814408298,6476.65784969978
6706.69424,0.00109555557677387,972243.011800961,413.014722191055,6481.62007867307
6706.70423,0.00110007264778453,972987.034754894,414.717617843395,6486.58023169929
6706.71423,0.00110460647660182,973730.746316766,416.42683104,6491.53830877844
6706.72423,0.00110915706322575,974474.146486576,418.142361780869,6496.49430991051
6706.73423,0.0011137244076563,975217.235264327,419.864210066002,6501.44823509551
6706.74422,0.00111830850989349,975960.012650016,421.592375895399,6506.40008433344
6706.75422,0.0011229093699373,976702.478643644,423.326859269061,6511.34985762429
6706.76422,0.00112752698778775,977444.633245209,425.067660186989,6516.29755496806
6706.77422,0.00113216136344484,978186.476454716,426.81477864918,6521.24317636477
6706.78421,0.00113681249690855,978928.00827216,428.568214655635,6526.1867218144
6706.79421,0.00114148038817889,979669.228697543,430.327968206355,6531.12819131695
6706.80421,0.00114616503725587,980410.137730867,432.09403930134,6536.06758487245
6706.81421,0.00115086644413947,981150.735372128,433.866427940589,6541.00490248085
6706.8242,0.00115558460882971,981891.021621329,435.645134124102,6545.94014414219
6706.8342,0.00116031953132658,982630.996478469,437.43015785188,6550.87330985646
6706.8442,0.00116507121163008,983370.659943548,439.221499123922,6555.80439962365
6706.85419,0.00116983964974021,984110.012016564,441.019157940229,6560.73341344376
6706.86419,0.00117462484565698,984849.052697522,442.8231343008,6565.66035131682
6706.87419,0.00117942679938037,985587.781986418,444.633428205636,6570.58521324279
6706.88419,0.0011842455109104,986326.199883253,446.450039654736,6575.50799922169
6706.89418,0.00118908098024706,987064.306388026,448.272968648101,6580.4287092535
6706.90418,0.00119393320739035,987802.101500738,450.10221518573,6585.34734333825
6706.91418,0.00119880219234027,988539.58522139,451.937779267623,6590.26390147593
6706.92418,0.00120368793509682,989276.757549981,453.779660893782,6595.17838366654
6706.93417,0.00120859043566001,990013.61848651,455.627860064204,6600.09078991007
6706.94417,0.00121350969402982,990750.168030979,457.482376778891,6605.00112020653
6706.95417,0.00121844571020627,991486.406183387,459.343211037842,6609.90937455591
6706.96417,0.00122339848418935,992222.332943734,461.210362841057,6614.81555295822
6706.97416,0.00122836801597906,992957.948312019,463.083832188538,6619.71965541346
6706.98416,0.0012333543055754,993693.252288242,464.963619080283,6624.62168192162
6706.99416,0.00123835735297838,994428.244872407,466.849723516293,6629.52163248271
6707.00416,0.00124337715818798,995162.92606451,468.742145496566,6634.41950709673
6707.01415,0.00124841372120422,995897.295864551,470.640885021104,6639.31530576367
6707.02415,0.00125346704202709,996631.354272532,472.545942089907,6644.20902848354
6707.03415,0.00125853712065659,997365.101288451,474.457316702974,6649.10067525634
6707.04415,0.00126362395709272,998098.536912309,476.375008860305,6653.99024608206
6707.05414,0.00126872755133548,998831.661144107,478.299018561901,6658.87774096071
6707.06414,0.00127384790338487,999564.473983844,480.229345807761,6663.76315989229
6707.07414,0.0012789850132409,1000296.97543152,482.165990597887,6668.64650287679
6707.08413,0.00128413888090356,1001029.16548713,484.108952932276,6673.52776991422
6707.09413,0.00128930950637285,1001761.04415069,486.05823281093,6678.40696100458
6707.10413,0.00129449688964877,1002492.61142218,488.013830233848,6683.28407614786
6707.11413,0.00129970103073132,1003223.86730161,489.975745201031,6688.15911534407
6707.12412,0.0013049219296205,1003954.81178898,491.943977712478,6693.03207859321
6707.13412,0.00131015958631632,1004685.44488429,493.918527768189,6697.90296589527
6707.14412,0.00131541400081876,1005415.76658754,495.899395368166,6702.77177725026
6707.15412,0.00132068517312784,1006145.77689873,497.886580512407,6707.63851265817
6707.16411,0.00132597310324355,1006875.47581785,499.880083200911,6712.50317211902
6707.17411,0.00133127779116589,1007604.86334492,501.879903433681,6717.36575563278
6707.18411,0.00133659923689486,1008333.93947992,503.886041210714,6722.22626319948
6707.19411,0.00134193744043047,1009062.70422287,505.898496532013,6727.08469481911
6707.2041,0.0013472924017727,1009791.15757375,507.917269397576,6731.94105049165
6707.2141,0.00135266412092157,1010519.29953257,509.942359807404,6736.79533021712
6707.2241,0.00135805259787707,1011247.13009933,511.973767761495,6741.64753399553
6707.2341,0.0013634578326392,1011974.64927403,514.011493259851,6746.49766182686
6707.24409,0.00136887982520796,1012701.85705667,516.055536302472,6751.34571371111
6707.25409,0.00137431857558335,1013428.75344724,518.105896889357,6756.1916896483
6707.26409,0.00137977408376537,1014155.33844576,520.162575020507,6761.0355896384
6707.27409,0.00138524634975403,1014881.61205222,522.225570695921,6765.87741368144
6707.28408,0.00139073537354932,1015607.57426661,524.294883915599,6770.7171617774
6707.29408,0.00139624115515124,1016333.22508894,526.370514679542,6775.55483392628
6707.30408,0.00140176369455979,1017058.56451922,528.452462987751,6780.3904301281
6707.31407,0.00140730299177497,1017783.59255743,530.540728840222,6785.22395038285
6707.32407,0.00141285904679678,1018508.30920358,532.635312236958,6790.05539469051
6707.33407,0.00141843185962523,1019232.71445767,534.736213177959,6794.88476305111
6707.34407,0.00142402143026031,1019956.8083197,536.843431663225,6799.71205546464
6707.35406,0.00142962775870201,1020680.59078966,538.956967692755,6804.53727193108
6707.36406,0.00143525084495035,1021404.06186757,541.076821266549,6809.36041245046
6707.37406,0.00144089068900532,1022127.22155341,543.202992384607,6814.18147702277
6707.38406,0.00144654729086693,1022850.0698472,545.33548104693,6819.00046564798
6707.39405,0.00145222065053516,1023572.60674892,547.474287253518,6823.81737832614
6707.40405,0.00145791076801003,1024294.83225858,549.61941100437,6828.63221505722
6707.41405,0.00146361764329152,1025016.74637618,551.770852299487,6833.44497584123
6707.42405,0.00146934127637965,1025738.34910172,553.928611138867,6838.25566067816
6707.43404,0.00147508166727441,1026459.6404352,556.092687522513,6843.06426956802
6707.44404,0.0014808388159758,1027180.62037662,558.263081450423,6847.87080251081
6707.45404,0.00148661272248383,1027901.28892598,560.439792922597,6852.67525950652
6707.46404,0.00149240338679848,1028621.64608327,562.622821939036,6857.47764055517
6707.47403,0.00149821080891977,1029341.69184851,564.81216849974,6862.27794565673
6707.48403,0.00150403498884769,1030061.42622168,567.007832604707,6867.07617481122
6707.49403,0.00150987592658223,1030780.8492028,569.209814253939,6871.87232801864
6707.50403,0.00151573362212342,1031499.96079185,571.418113447437,6876.666405279
6707.51402,0.00152160807547123,1032218.76098884,573.632730185197,6881.45840659227
6707.52402,0.00152749928662567,1032937.24979377,575.853664467223,6886.24833195847
6707.53402,0.00153340725558675,1033655.42720664,578.080916293513,6891.03618137759
6707.54402,0.00153933198235445,1034373.29322745,580.314485664067,6895.82195484965
6707.55401,0.00154527346692879,1035090.84785619,582.554372578887,6900.60565237463
6707.56401,0.00155123170930976,1035808.09109288,584.800577037969,6905.38727395253
6707.57401,0.00155720670949736,1036525.02293751,587.053099041318,6910.16681958337
6707.584,0.0015631984674916,1037241.64339007,589.311938588931,6914.94428926713
6707.594,0.00156920698329246,1037957.95245057,591.577095680807,6919.71968300382
6707.604,0.00157523225689995,1038673.95011901,593.848570316948,6924.49300079343
6707.614,0.00158127428831408,1039389.63639539,596.126362497354,6929.26424263596
6707.62399,0.00158733307753484,1040105.01127972,598.410472222024,6934.03340853144
6707.63399,0.00159340862456223,1040820.07477197,600.700899490959,6938.80049847983
6707.64399,0.00159950092939625,1041534.82687217,602.997644304157,6943.56551248115
6707.65399,0.00160560999203691,1042249.26758031,605.300706661621,6948.32845053539
6707.66398,0.00161173581248419,1042963.39689638,607.610086563349,6953.08931264256
6707.67398,0.00161787839073811,1043677.2148204,609.925784009341,6957.84809880266
6707.68398,0.00162403772679865,1044390.72135235,612.247798999599,6962.60480901569
6707.69398,0.00163021382066583,1045103.91649225,614.57613153412,6967.35944328164
6707.70397,0.00163640667233964,1045816.80024008,616.910781612906,6972.11200160052
6707.71397,0.00164261628182009,1046529.37259585,619.251749235956,6976.86248397233
6707.72397,0.00164884264910716,1047241.63355956,621.599034403271,6981.61089039706
6707.73397,0.00165508577420087,1047953.58313121,623.95263711485,6986.35722087472
6707.74396,0.0016613456571012,1048665.2213108,626.312557370694,6991.1014754053
6707.75396,0.00166762229780817,1049376.54809832,628.678795170802,6995.84365398882
6707.76396,0.00167391569632177,1050087.56349379,631.051350515174,7000.58375662526
6707.77396,0.001680225852642,1050798.26749719,633.430223403812,7005.32178331462
6707.78395,0.00168655276676887,1051508.66010854,635.815413836713,7010.05773405691
6707.79395,0.00169289643870236,1052218.74132782,638.20692181388,7014.79160885213
6707.80395,0.00169925686844249,1052928.51115504,640.60474733531,7019.52340770028
6707.81394,0.00170563405598924,1053637.9695902,643.008890401005,7024.25313060135
6707.82394,0.00171202800134263,1054347.1166333,645.419351010964,7028.98077755535
6707.83394,0.00171843870450265,1055055.95228434,647.836129165188,7033.70634856227
6707.84394,0.00172486616546931,1055764.47654332,650.259224863676,7038.42984362212
6707.85393,0.00173131038424259,1056472.68941024,652.688638106428,7043.1512627349
6707.86393,0.00173777136082251,1057180.59088509,655.124368893446,7047.87060590061
6707.87393,0.00174424909520905,1057888.18096789,657.566417224728,7052.58787311924
6707.88393,0.00175074358740223,1058595.45965862,660.014783100274,7057.3030643908
6707.89392,0.00175725483740204,1059302.42695729,662.469466520084,7062.01617971528
6707.90392,0.00176378284520848,1060009.0828639,664.930467484159,7066.72721909269
6707.91392,0.00177032761082155,1060715.42737845,667.397785992499,7071.43618252303
6707.92392,0.00177688913424126,1061421.46050094,669.871422045103,7076.14307000629
6707.93391,0.00178346741546759,1062127.18223137,672.351375641972,7080.84788154249
6707.94391,0.00179006245450056,1062832.59256974,674.837646783104,7085.5506171316
6707.95391,0.00179667425134016,1063537.69151605,677.330235468502,7090.25127677365
6707.96391,0.00180330280598639,1064242.47907029,679.829141698164,7094.94986046863
6707.9739,0.00180994811843925,1064946.95523248,682.334365472089,7099.64636821651
6707.9839,0.00181661018869874,1065651.1200026,684.84590679028,7104.34080001734
6707.9939,0.00182328901676487,1066354.97338066,687.363765652735,7109.03315587109
6708.0039,0.00182998460263762,1067058.51536667,689.887942059455,7113.72343577777
6708.01389,0.00183669694631701,1067761.74596061,692.41843601044,7118.41163973738
6708.02389,0.00184342604780303,1068464.66516248,694.955247505688,7123.0977677499
6708.03389,0.00185017190709568,1069167.2729723,697.498376545201,7127.78181981535
6708.04388,0.00185693452419496,1069869.56939006,700.047823128978,7132.46379593374
6708.05388,0.00186371389910088,1070571.55441576,702.60358725702,7137.14369610505
6708.06388,0.00187051003181342,1071273.22804939,705.165668929327,7141.8215203293
6708.07388,0.0018773229223326,1071974.59029097,707.734068145898,7146.49726860645
6708.08387,0.00188415257065841,1072675.64114048,710.308784906733,7151.17094093654
6708.09387,0.00189099897679085,1073376.38059793,712.889819211833,7155.84253731955
6708.10387,0.00189786214072992,1074076.80866332,715.477171061197,7160.5120577555
6708.11387,0.00190474206247562,1074776.92533666,718.070840454826,7165.17950224437
6708.12386,0.00191163874202796,1075476.73061793,720.670827392719,7169.84487078618
6708.13386,0.00191855217938692,1076176.22450713,723.277131874877,7174.5081633809
6708.14386,0.00192548237455252,1076875.40700428,725.889753901298,7179.16938002854
6708.15386,0.00193242932752475,1077574.27810937,728.508693471985,7183.82852072912
6708.16385,0.00193939303830361,1078272.83782239,731.133950586936,7188.48558548262
6708.17385,0.0019463735068891,1078971.08614336,733.765525246151,7193.14057428905
6708.18385,0.00195337073328122,1079669.02307226,736.403417449631,7197.7934871484
6708.19385,0.00196038471747998,1080366.6486091,739.047627197375,7202.44432406069
6708.20384,0.00196741545948536,1081063.96275388,741.698154489385,7207.0930850259
6708.21384,0.00197446295929738,1081760.9655066,744.354999325658,7211.73977004403
6708.22384,0.00198152721691603,1082457.65686726,747.018161706196,7216.38437911509
6708.23384,0.00198860823234131,1083154.03683586,749.687641630998,7221.02691223909
6708.24383,0.00199570600557322,1083850.1054124,752.363439100065,7225.66736941601
6708.25383,0.00200282053661177,1084545.86259688,755.045554113396,7230.30575064584
6708.26383,0.00200995182545694,1085241.30838929,757.733986670991,7234.94205592861
6708.27383,0.00201709987210875,1085936.44278965,760.428736772852,7239.57628526431
6708.28382,0.00202426467656719,1086631.26579794,763.129804418976,7244.20843865294
6708.29382,0.00203144623883226,1087325.77741417,765.837189609365,7248.83851609448
6708.30382,0.00203864455890396,1088019.97763834,768.550892344018,7253.46651758896
6708.31381,0.00204585963678229,1088713.86647045,771.270912622936,7258.09244313636
6708.32381,0.00205309147246726,1089407.4439105,773.997250446119,7262.71629273668
6708.33381,0.00206034006595885,1090100.70995849,776.729905813566,7267.33806638994
6708.34381,0.00206760541725708,1090793.66461442,779.468878725277,7271.95776409612
6708.3538,0.00207488752636194,1091486.30787828,782.214169181252,7276.57538585523
6708.3638,0.00208218639327343,1092178.63975009,784.965777181492,7281.19093166726
6708.3738,0.00208950201799155,1092870.66022983,787.723702725997,7285.80440153223
6708.3838,0.00209683440051631,1093562.36931752,790.487945814766,7290.41579545011
6708.39379,0.00210418354084769,1094253.76701314,793.2585064478,7295.02511342093
6708.40379,0.00211154943898571,1094944.8533167,796.035384625098,7299.63235544467
6708.41379,0.00211893209493036,1095635.6282282,798.81858034666,7304.23752152134
6708.42379,0.00212633150868164,1096326.09174764,801.608093612487,7308.84061165093
6708.43378,0.00213374768023954,1097016.24387502,804.403924422578,7313.44162583345
6708.44378,0.00214077774856143,1097336.12422731,807.05419774189,7315.57416151543
6708.45378,0.00214821974732162,1098028.14902748,809.859765177856,7320.18766018319
6708.46378,0.00215567852939728,1098719.88616663,812.67165977469,7324.79924111084
6708.47377,0.00216315409478841,1099411.33564476,815.489881532393,7329.40890429838
6708.48377,0.002170646443495,1100102.49746187,818.314430450965,7334.01664974581
6708.49377,0.00217815557551706,1100793.37161797,821.145306530405,7338.62247745313
6708.50377,0.00218568149085458,1101483.95811305,823.982509770714,7343.22638742031
6708.51376,0.00219322418950757,1102174.25694711,826.826040171889,7347.82837964741
6708.52376,0.00220078367147603,1102864.26812016,829.675897733935,7352.42845413438
6708.53376,0.00220835993675995,1103553.99163219,832.532082456848,7357.02661088125
6708.54375,0.00221595298535933,1104243.4274832,835.394594340629,7361.62284988799
6708.55375,0.00222356281727418,1104932.57567319,838.26343338528,7366.21717115463
6708.56375,0.0022311894325045,1105621.43620217,841.138599590798,7370.80957468116
6708.57375,0.00223883283105028,1106310.00907013,844.020092957185,7375.40006046757
6708.58374,0.00224649301291153,1106998.29427708,846.907913484441,7379.98862851387
6708.59374,0.00225416997808825,1107686.29182301,849.802061172565,7384.57527882006
6708.60374,0.00226186372658043,1108374.00170792,852.702536021556,7389.16001138613
6708.61374,0.00226957425838807,1109061.42393181,855.609338031417,7393.74282621209
6708.62373,0.00227730157351119,1109748.55849469,858.522467202146,7398.32372329794
6708.63373,0.00228504567194976,1110435.40539655,861.441923533743,7402.90270264369
6708.64373,0.0022928065537038,1111121.96463739,864.367707026208,7407.4797642493
6708.65373,0.00230058421877331,1111808.23621722,867.299817679542,7412.05490811482
6708.66372,0.00230837866715829,1112494.22013603,870.238255493745,7416.62813424022
6708.67372,0.00231618989885873,1113179.91639382,873.183020468816,7421.1994426255
6708.68372,0.00232401791387464,1113865.3249906,876.134112604756,7425.76883327068
6708.69372,0.002331862712206,1114550.44592636,879.091531901563,7430.33630617573
6708.70371,0.00233972429385284,1115235.2792011,882.055278359239,7434.90186134069
6708.71371,0.00234760265881515,1115919.82481483,885.025351977783,7439.46549876552
6708.72371,0.00235549780709292,1116604.08276754,888.001752757197,7444.02721845024
6708.73371,0.00236340973868615,1117288.05305923,890.984480697477,7448.58702039485
6708.7437,0.00237133845359485,1117971.7356899,893.973535798627,7453.14490459935
6708.7537,0.00237928395181901,1118655.13065956,896.968918060645,7457.70087106374
6708.7637,0.00238724623335865,1119338.2379682,899.970627483531,7462.25491978802
6708.77369,0.00239522529821374,1120021.05761583,902.978664067286,7466.80705077218
6708.78369,0.00240322114638431,1120703.58960243,905.993027811909,7471.35726401622
6708.79369,0.00241123377787034,1121385.83392802,909.013718717401,7475.90555952016
6708.80369,0.00241926319267183,1122067.7905926,912.040736783761,7480.45193728398
6708.81368,0.00242730939078879,1122749.45959615,915.074082010989,7484.99639730769
6708.82368,0.00243537237222122,1123430.84093869,918.113754399086,7489.53893959129
6708.83368,0.00244345213696911,1124111.93462022,921.159753948051,7494.07956413478
6708.84368,0.00245154868503246,1124792.74064072,924.212080657885,7498.61827093814
6708.85367,0.00245966201641129,1125473.25900021,927.270734528586,7503.15506000141
6708.86367,0.00246779213110557,1126153.48969868,930.335715560157,7507.68993132455
6708.87367,0.00247593902911533,1126833.43273614,933.407023752595,7512.22288490759
6708.88367,0.00248410271044055,1127513.08811258,936.484659105903,7516.75392075051
6708.89366,0.00249228317508123,1128192.455828,939.568621620078,7521.28303885332
6708.90366,0.00250048042303739,1128871.5358824,942.658911295123,7525.81023921602
6708.91366,0.002508694454309,1129550.32827579,945.755528131035,7530.33552183859
6708.92366,0.00251692526889609,1130228.83300816,948.858472127815,7534.85888672107
6708.93365,0.00252517286679863,1130907.05007951,951.967743285464,7539.38033386343
6708.94365,0.00253343724801665,1131584.97948985,955.083341603982,7543.89986326568
6708.95365,0.00254171841255013,1132262.62123917,958.205267083368,7548.41747492782
6708.96365,0.00255001636039908,1132939.97532748,961.333519723622,7552.93316884984
6708.97364,0.00255833109156349,1133617.04175476,964.468099524745,7557.44694503174
6708.98364,0.00256666260604336,1134293.82052103,967.609006486735,7561.95880347355
6708.99364,0.0025750109038387,1134970.31162628,970.756240609594,7566.46874417523
6709.00364,0.00258337598494951,1135646.51507052,973.909801893322,7570.9767671368
6709.01363,0.00259175784937579,1136322.43085374,977.069690337919,7575.48287235825
6709.02363,0.00260015649711753,1136998.05897594,980.235905943383,7579.9870598396
6709.03363,0.00260857192817473,1137673.39943713,983.408448709716,7584.48932958084
6709.04362,0.0026170041425474,1138348.45223729,986.587318636917,7588.98968158196
6709.05362,0.00262545314023554,1139023.21737644,989.772515724987,7593.48811584297
6709.06362,0.00263391892123914,1139697.69485458,992.964039973926,7597.98463236386
6709.07362,0.00264240148555821,1140371.8846717,996.161891383732,7602.47923114465
6709.08361,0.00265090083319275,1141045.7868278,999.366069954408,7606.97191218531
6709.09361,0.00265941696414275,1141719.40132288,1002.57657568595,7611.46267548587
6709.10361,0.00266794987840821,1142392.72815695,1005.79340857836,7615.95152104632
6709.11361,0.00267649957598914,1143065.76733,1009.01656863164,7620.43844886666
6709.1236,0.00268506605688554,1143738.51884203,1012.24605584579,7624.92345894687
6709.1336,0.0026936493210974,1144410.98269305,1015.48187022081,7629.40655128698
6709.1436,0.00270224936862473,1145083.15888305,1018.72401175669,7633.88772588698
6709.1536,0.00271086619946753,1145755.04741203,1021.97248045345,7638.36698274686
6709.16359,0.00271949981362579,1146426.64827999,1025.22727631107,7642.84432186662
6709.17359,0.00272815021109951,1147097.96148694,1028.48839932956,7647.31974324628
6709.18359,0.0027368173918887,1147768.98703287,1031.75584950892,7651.79324688583
6709.19359,0.00274550135599336,1148439.72491779,1035.02962684915,7656.26483278526
6709.20358,0.00275420210341348,1149110.17514169,1038.30973135024,7660.73450094458
6709.21358,0.00276291963414907,1149780.33770457,1041.59616301221,7665.20225136379
6709.22358,0.00277165394820012,1150450.21260643,1044.88892183504,7669.66808404288
6709.23358,0.00278040504556664,1151119.79984728,1048.18800781874,7674.13199898187
6709.24357,0.00278917292624863,1151789.09942711,1051.49342096331,7678.59399618074
6709.25357,0.00279795759024608,1152458.11134592,1054.80516126875,7683.05407563949
6709.26357,0.002806759037559,1153126.83560372,1058.12322873505,7687.51223735814
6709.27356,0.00281557726818738,1153795.2722005,1061.44762336223,7691.96848133667
6709.28356,0.00282441228213123,1154463.42113626,1064.77834515027,7696.42280757509
6709.29356,0.00283326407939054,1155131.28241101,1068.11539409918,7700.87521607339
6709.30356,0.00284213265996532,1155798.85602474,1071.45877020896,7705.32570683159
6709.31355,0.00285101802385557,1156466.14197745,1074.80847347961,7709.77427984967
6709.32355,0.00285992017106128,1157133.14026915,1078.16450391113,7714.22093512764
6709.33355,0.00286883910158246,1157799.85089982,1081.52686150351,7718.66567266549
6709.34355,0.0028777748154191,1158466.27386949,1084.89554625676,7723.10849246324
6709.35354,0.00288672731257121,1159132.40917813,1088.27055817089,7727.54939452087
6709.36354,0.00289569659303878,1159798.25682576,1091.65189724588,7731.98837883839
6709.37354,0.00290468265682182,1160463.81681237,1095.03956348173,7736.42544541579
6709.38354,0.00291368550392033,1161129.08913796,1098.43355687846,7740.86059425308
6709.39353,0.0029227051343343,1161794.07380254,1101.83387743606,7745.29382535027
6709.40353,0.00293174154806373,1162458.7708061,1105.24052515452,7749.72513870733
6709.41353,0.00294079474510864,1163123.18014864,1108.65350003385,7754.15453432429
6709.42353,0.002949864725469,1163787.30183017,1112.07280207405,7758.58201220114
6709.43352,0.00295895148914484,1164451.13585068,1115.49843127512,7763.00757233787
6709.44352,0.00296805503613614,1165114.68221017,1118.93038763706,7767.43121473448
6709.45352,0.0029771753664429,1165777.94090865,1122.36867115986,7771.85293939099
6709.46352,0.00298631248006513,1166440.91194611,1125.81328184354,7776.27274630738
6709.47351,0.00299546637700283,1167103.59532255,1129.26421968808,7780.69063548366
6709.48351,0.00300463705725599,1167765.99103797,1132.72148469349,7785.10660691983
6709.49351,0.00301382452082462,1168428.09909238,1136.18507685977,7789.52066061589
6709.5035,0.00302302876770871,1169089.91948577,1139.65499618692,7793.93279657182
6709.5135,0.00303224979790828,1169751.45221815,1143.13124267493,7798.34301478765
6709.5235,0.0030414876114233,1170412.69728951,1146.61381632382,7802.75131526337
6709.5335,0.00305074220825379,1171073.65469985,1150.10271713357,7807.15769799898
6709.54349,0.00306001358839975,1171734.32444917,1153.59794510419,7811.56216299447
6709.55349,0.00306930175186117,1172394.70653748,1157.09950023568,7815.96471024985
6709.56349,0.00307860669863806,1173054.80096477,1160.60738252804,7820.36533976511
6709.57349,0.00308792842873041,1173714.60773104,1164.12159198126,7824.76405154027
6709.58348,0.00309726694213823,1174374.1268363,1167.64212859536,7829.16084557532
6709.59348,0.00310662223886152,1175033.35828054,1171.16899237032,7833.55572187024
6709.60348,0.00311599431890027,1175692.30206376,1174.70218330615,7837.94868042506
6709.61348,0.00312538318225449,1176350.95818596,1178.24170140285,7842.33972123977
6709.62347,0.00313478882892417,1177009.32664715,1181.78754666042,7846.72884431436
6709.63347,0.00314421125890931,1177667.40744732,1185.33971907886,7851.11604964883
6709.64347,0.00315365047220993,1178325.20058648,1188.89821865816,7855.50133724319
6709.65347,0.00316310646882601,1178982.70606462,1192.46304539834,7859.88470709744
6709.66346,0.00317257924875755,1179639.92388174,1196.03419929938,7864.26615921159
6709.67346,0.00318206881200456,1180296.85403784,1199.61168036129,7868.64569358562
6709.68346,0.00319157515856704,1180953.49653293,1203.19548858407,7873.02331021953
6709.69346,0.00320109828844498,1181609.851367,1206.78562396771,7877.39900911334
6709.70345,0.00321063820163839,1182265.91854005,1210.38208651223,7881.77279026702
6709.71345,0.00322019489814726,1182921.69805209,1213.98487621761,7886.14465368061
6709.72345,0.00322976837797161,1183577.18990311,1217.59399308387,7890.51459935407
6709.73345,0.00323935864111141,1184232.39409311,1221.20943711099,7894.88262728743
6709.74344,0.00324896568756668,1184887.3106221,1224.83120829897,7899.24873748067
6709.75344,0.00325858951733742,1185541.93949007,1228.45930664783,7903.6129299338
6709.76344,0.00326823013042362,1186196.28069702,1232.09373215756,7907.9752046468
6709.77343,0.00327788752682529,1186850.33424296,1235.73448482815,7912.33556161971
6709.78343,0.00328756170654242,1187504.10012787,1239.38156465961,7916.6940008525
6709.79343,0.00329725266957502,1188157.57835178,1243.03497165195,7921.05052234518
6709.80343,0.00330696041592309,1188810.76891466,1246.69470580515,7925.40512609774
6709.81342,0.00331668494558661,1189463.67181653,1250.36076711921,7929.7578121102
6709.82342,0.00332642625856561,1190116.28705738,1254.03315559415,7934.10858038254
6709.83342,0.00333618435486007,1190768.61463721,1257.71187122995,7938.45743091476
6709.84342,0.00334595923447,1191420.65455603,1261.39691402663,7942.80436370687
6709.85341,0.0033557508973954,1192072.40681383,1265.08828398417,7947.14937875887
6709.86341,0.00336555934363626,1192723.87141062,1268.78598110258,7951.49247607077
6709.87341,0.00337538457319258,1193375.04834638,1272.49000538185,7955.83365564255
6709.88341,0.00338522658606437,1194025.93762113,1276.200356822,7960.1729174742
6709.8934,0.00339508538225163,1194676.53923486,1279.91703542302,7964.51026156576
6709.9034,0.00340496096175435,1195326.85318758,1283.6400411849,7968.8456879172
6709.9134,0.00341485332457254,1195976.87947928,1287.36937410765,7973.17919652853
6709.9234,0.00342476247070619,1196626.61810996,1291.10503419127,7977.51078739974
6709.93339,0.00343468840015531,1197276.06907963,1294.84702143576,7981.84046053085
6709.94339,0.0034446311129199,1197925.23238827,1298.59533584112,7986.16821592183
6709.95339,0.00345459060899994,1198574.10803591,1302.34997740734,7990.49405357271
6709.96339,0.00346456688839546,1199222.69602252,1306.11094613444,7994.81797348347
6709.97338,0.00347455995110644,1199870.99634812,1309.8782420224,7999.13997565412
6709.98338,0.00348456979713289,1200519.0090127,1313.65186507123,8003.46006008466
6709.99338,0.0034945964264748,1201166.73401626,1317.43181528093,8007.77822677509
6710.00337,0.00350463983913219,1201814.17135881,1321.2180926515,8012.0944757254
6710.01337,0.00351470003510503,1202461.32104034,1325.01069718293,8016.4088069356
6710.02337,0.00352477701439334,1203108.18306085,1328.80962887524,8020.72122040568
6710.03337,0.00353487077699712,1203754.75742035,1332.61488772841,8025.03171613567
6710.04336,0.00354498132291636,1204401.04411883,1336.42647374245,8029.34029412552
6710.05336,0.00355510865215107,1205047.04315629,1340.24438691736,8033.64695437527
6710.06336,0.00356525276470124,1205692.75453274,1344.06862725313,8037.95169688492
6710.07336,0.00357541366056688,1206338.17824817,1347.89919474978,8042.25452165444
6710.08335,0.00358559133974799,1206983.31430258,1351.73608940729,8046.55542868385
6710.09335,0.00359578580224455,1207628.16269597,1355.57931122568,8050.85441797316
6710.10335,0.00360599704805659,1208272.72342835,1359.42886020493,8055.15148952235
6710.11335,0.0036162250771841,1208916.99649971,1363.28473634505,8059.44664333142
6710.12334,0.00362646988962706,1209560.98191006,1367.14693964604,8063.73987940038
6710.13334,0.00363673148538549,1210204.67965938,1371.01547010789,8068.03119772923
6710.14334,0.00364700986445939,1210848.0897477,1374.89032773062,8072.32059831797
6710.15334,0.00365730502684876,1211491.21217499,1378.77151251421,8076.60808116659
6710.16333,0.00366761697255359,1212134.04694127,1382.65902445867,8080.89364627511
6710.17333,0.00367794570157389,1212776.59404653,1386.552863564,8085.1772936435
6710.18333,0.00368829121390965,1213418.85349077,1390.4530298302,8089.4590232718
6710.19333,0.00369865350956088,1214060.82527399,1394.35952325727,8093.73883515996
6710.20332,0.00370903258852757,1214702.5093962,1398.2723438452,8098.01672930802
6710.21332,0.00371942845080973,1215343.9058574,1402.19149159401,8102.29270571597
6710.22332,0.00372984109640735,1215985.01465757,1406.11696650368,8106.56676438381
6710.23332,0.00374027052532044,1216625.83579673,1410.04876857422,8110.83890531154
6710.24331,0.003750716737549,1217266.36927487,1413.98689780563,8115.10912849915
6710.25331,0.00376117973309302,1217906.615092,1417.9313541979,8119.37743394665
6710.26331,0.00377165951195251,1218546.5732481,1421.88213775105,8123.64382165403
6710.2733,0.00378215607412746,1219186.24374319,1425.83924846506,8127.9082916213
6710.2833,0.00379266941961788,1219825.62657727,1429.80268633994,8132.17084384846
6710.2933,0.00380319954842377,1220464.72175033,1433.7724513757,8136.43147833552
6710.3033,0.00381374646054511,1221103.52926237,1437.74854357231,8140.69019508244
6710.31329,0.00382431015598193,1221742.04911339,1441.7309629298,8144.94699408927
6710.32329,0.00383489063473422,1222380.2813034,1445.71970944816,8149.20187535598
6710.33329,0.00384548789680196,1223018.22583239,1449.71478312738,8153.45483888258
6710.34329,0.00385610194218518,1223655.88270036,1453.71618396747,8157.70588466907
6710.35328,0.00386673277088385,1224293.25190731,1457.72391196843,8161.95501271543
6710.36328,0.003877380382898,1224930.33345325,1461.73796713026,8166.20222302169
6710.37328,0.00388804477822761,1225567.12733818,1465.75834945296,8170.44751558785
6710.38328,0.00389872595687269,1226203.63356208,1469.78505893653,8174.69089041388
6710.39327,0.00390942391883323,1226839.85212497,1473.81809558096,8178.9323474998
6710.40327,0.00392013866410923,1227475.78302684,1477.85745938627,8183.17188684562
6710.41327,0.00393087019270071,1228111.4262677,1481.90315035244,8187.40950845131
6710.42327,0.00394161850460764,1228746.78184753,1485.95516847948,8191.64521231689
6710.43326,0.00395238359983005,1229381.84976635,1490.01351376739,8195.87899844236
6710.44326,0.00396316547836792,1230016.63002416,1494.07818621616,8200.11086682773
6710.45326,0.00397396414022125,1230651.12262095,1498.1491858258,8204.34081747297
6710.46326,0.00398477958539006,1231285.32755672,1502.22651259632,8208.56885037811
6710.47325,0.00399561181387433,1231919.24483147,1506.3101665277,8212.79496554313
6710.48325,0.00400646082567406,1232552.87444521,1510.40014761995,8217.01916296804
6710.49325,0.00401732662078926,1233186.21639793,1514.49645587307,8221.24144265284
6710.50324,0.00402820919921992,1233819.27068963,1518.59909128706,8225.46180459753
6710.51324,0.00403910856096605,1234452.03732031,1522.70805386191,8229.6802488021
6710.52324,0.00405002470602765,1235084.51628998,1526.82334359764,8233.89677526655
6710.53324,0.00406095763440471,1235716.70759864,1530.94496049423,8238.1113839909
6710.54323,0.00407190734609724,1236348.61124627,1535.07290455169,8242.32407497513
6710.55323,0.00408287384110523,1236980.22723289,1539.20717577002,8246.53484821925
6710.56323,0.00409385711942869,1237611.55555849,1543.34777414921,8250.74370372326
6710.57323,0.00410485718106762,1238242.59622307,1547.49469968928,8254.95064148716
6710.58322,0.00411587402602201,1238873.34922664,1551.64795239021,8259.15566151095
6710.59322,0.00412690765429187,1239503.81456919,1555.80753225202,8263.35876379462
6710.60322,0.00413795806587718,1240133.99225073,1559.97343927469,8267.55994833818
6710.61322,0.00414902526077797,1240763.88227124,1564.14567345822,8271.75921514163
6710.62321,0.00416010923899422,1241393.48463074,1568.32423480263,8275.95656420495
6710.63321,0.00417121000052595,1242022.79932923,1572.50912330791,8280.15199552817
6710.64321,0.00418232754537313,1242651.82636669,1576.70033897405,8284.34550911128
6710.65321,0.00419346187353578,1243280.56574314,1580.89788180107,8288.53710495428
6710.6632,0.0042046129850139,1243909.01745857,1585.10175178895,8292.72678305716
6710.6732,0.00421578087980748,1244537.18151299,1589.3119489377,8296.91454341993
6710.6832,0.00422696555791653,1245165.05790639,1593.52847324732,8301.10038604259
6710.6932,0.00423816701934104,1245792.64663877,1597.7513247178,8305.28431092514
6710.70319,0.00424938526408102,1246419.94771013,1601.98050334916,8309.46631806757
6710.71319,0.00426062029213646,1247046.96112048,1606.21600914138,8313.6464074699
6710.72319,0.00427187210350737,1247673.68686981,1610.45784209447,8317.8245791321
6710.73318,0.00428314069819375,1248300.12495813,1614.70600220843,8322.00083305418
6710.74318,0.00429442607619559,1248926.27538543,1618.96048948326,8326.17516923617
6710.75318,0.0043057282375129,1249552.13815171,1623.22130391896,8330.34758767804
6710.76318,0.00431704718214567,1250177.71325697,1627.48844551552,8334.5180883798
6710.77317,0.00432838291009391,1250803.00070122,1631.76191427296,8338.68667134144
6710.78317,0.00433973542135762,1251428.00048445,1636.04171019126,8342.85333656298
6710.79317,0.00435110471593678,1252052.71260666,1640.32783327043,8347.01808404439
6710.80317,0.00436249079383142,1252677.13706786,1644.62028351047,8351.1809137857
6710.81316,0.00437389365504152,1253301.27386803,1648.91906091137,8355.34182578689
6710.82316,0.00438531329956709,1253925.1230072,1653.22416547315,8359.50082004798
6710.83316,0.00439674972740811,1254548.68448534,1657.53559719579,8363.65789656894
6710.84316,0.00440820293856462,1255171.95830247,1661.85335607931,8367.8130553498
6710.85315,0.00441967293303658,1255794.94445858,1666.17744212369,8371.96629639055
6710.86315,0.00443115971082401,1256417.64295368,1670.50785532893,8376.11761969118
6710.87315,0.00444266327192691,1257040.05378775,1674.84459569505,8380.2670252517
6710.88315,0.00445418361634527,1257662.17696081,1679.18766322204,8384.41451307209
6710.89314,0.0044657207440791,1258284.01247286,1683.53705790989,8388.5600831524
6710.90314,0.00447727465512839,1258905.56032389,1687.89277975861,8392.70373549257
6710.91314,0.00448884534949315,1259526.8205139,1692.25482876821,8396.84547009265
6710.92314,0.00450043282717337,1260147.79304289,1696.62320493867,8400.98528695261
6710.93313,0.00451203708816906,1260768.47791087,1700.99790826999,8405.12318607244
6710.94313,0.00452365813248022,1261388.87511783,1705.37893876219,8409.25916745217
6710.95313,0.00453529596010684,1262008.98466377,1709.76629641525,8413.39323109179
6710.96313,0.00454695057104893,1262628.80654869,1714.15998122919,8417.5253769913
6710.97312,0.00455862196530648,1263248.3407726,1718.55999320399,8421.65560515069
6710.98312,0.0045703101428795,1263867.58733549,1722.96633233966,8425.78391556996
6710.99312,0.00458201510376798,1264486.54623737,1727.3789986362,8429.91030824914
6711.00311,0.00459373684797193,1265105.21747823,1731.7979920936,8434.03478318819
6711.01311,0.00460547537549134,1265723.60105807,1736.22331271188,8438.15734038714
6711.02311,0.00461723068632623,1266341.69697689,1740.65496049102,8442.27797984595
6711.03311,0.00462900278047658,1266959.50523471,1745.09293543103,8446.3967015647
6711.0431,0.00464079165794238,1267577.02583149,1749.53723753191,8450.51350554329
6711.0531,0.00465259731872367,1268194.25876727,1753.98786679366,8454.62839178179
6711.0631,0.00466441976282041,1268811.20404202,1758.44482321628,8458.74136028016
6711.0731,0.00467625899023262,1269427.86165577,1762.90810679976,8462.85241103844
6711.08309,0.0046881150009603,1270044.23160849,1767.37771754412,8466.96154405659
6711.09309,0.00469998779500344,1270660.31390019,1771.85365544934,8471.06875933463
6711.10309,0.00471187737236205,1271276.10853088,1776.33592051543,8475.17405687256
6711.11309,0.00472378373303611,1271891.61550055,1780.82451274239,8479.27743667037
6711.12308,0.00473570687702566,1272506.83480921,1785.31943213022,8483.37889872808
6711.13308,0.00474764680433067,1273121.76645685,1789.82067867891,8487.47844304566
6711.14308,0.00475960351495113,1273736.41044347,1794.32825238848,8491.57606962315
6711.15308,0.00477157700888707,1274350.76676908,1798.84215325891,8495.67177846051
6711.16307,0.00478356728613846,1274964.83543366,1803.36238129021,8499.76556955777
6711.17307,0.00479557434670533,1275578.61643724,1807.88893648238,8503.85744291491
6711.18307,0.00480759819058767,1276192.10977979,1812.42181883542,8507.94739853194
6711.19307,0.00481963881778546,1276805.31546133,1816.96102834932,8512.03543640886
6711.20306,0.00483169622829873,1277418.23348185,1821.5065650241,8516.12155654565
6711.21306,0.00484377042212746,1278030.86384135,1826.05842885974,8520.20575894235
6711.22306,0.00485586139927165,1278643.20653984,1830.61661985625,8524.28804359892
6711.23305,0.00486796915973132,1279255.26157731,1835.18113801363,8528.36841051538
6711.24305,0.00488009370350644,1279867.02895376,1839.75198333188,8532.44685969174
6711.25305,0.00489223503059704,1280478.5086692,1844.32915581099,8536.52339112799
6711.26305,0.00490439314100309,1281089.70072362,1848.91265545098,8540.59800482411
6711.27304,0.00491656803472462,1281700.60511702,1853.50248225183,8544.67070078013
6711.28304,0.00492875971176161,1282311.2218494,1858.09863621355,8548.74147899603
6711.29304,0.00494096817211405,1282921.55092077,1862.70111733614,8552.81033947182
6711.30304,0.00495319341578199,1283531.59233113,1867.3099256196,8556.8772822075
6711.31303,0.00496543544276537,1284141.34608046,1871.92506106393,8560.94230720308
6711.32303,0.00497769425306423,1284750.81216878,1876.54652366912,8565.00541445853
6711.33303,0.00498996984667854,1285359.99059608,1881.17431343519,8569.06660397387
6711.34303,0.00500226222360833,1285968.88136236,1885.80843036212,8573.12587574909
6711.35302,0.00501457138385358,1286577.48446763,1890.44887444992,8577.18322978421
6711.36302,0.00502689732741429,1287185.79991188,1895.09564569859,8581.23866607919
6711.37302,0.00503924005429047,1287793.82769511,1899.74874410813,8585.29218463409
6711.38302,0.00505159956448212,1288401.56781733,1904.40816967853,8589.34378544886
6711.39301,0.00506397585798923,1289009.02027853,1909.0739224098,8593.39346852354
6711.40301,0.00507636893481182,1289616.18507871,1913.74600230195,8597.44123385809
6711.41301,0.00508877879494985,1290223.06221788,1918.42440935496,8601.48708145252
6711.42301,0.00510120543840337,1290829.65169603,1923.10914356884,8605.53101130685
6711.433,0.00511364886517234,1291435.95351316,1927.80020494359,8609.57302342107
6711.443,0.00512610907525679,1292041.96766928,1932.4975934792,8613.61311779517
6711.453,0.0051385860686567,1292647.69416438,1937.20130917569,8617.65129442917
6711.46299,0.00515107984537206,1293253.13299845,1941.91135203304,8621.68755332303
6711.47299,0.0051635904054029,1293858.28417152,1946.62772205126,8625.7218944768
6711.48299,0.0051761177487492,1294463.14768356,1951.35041923035,8629.75431789043
6711.49299,0.00518866187541098,1295067.7235346,1956.07944357031,8633.784823564
6711.50298,0.00520122278538821,1295672.01172461,1960.81479507113,8637.81341149741
6711.51298,0.00521380047868091,1296276.01225361,1965.55647373283,8641.84008169074
6711.52298,0.00522639495528908,1296879.72512159,1970.30447955539,8645.86483414393
6711.53298,0.00523900621521271,1297483.15032855,1975.05881253882,8649.88766885703
6711.54297,0.0052516342584518,1298086.2878745,1979.81947268312,8653.90858583
6711.55297,0.00526427908500638,1298689.13775943,1984.58645998829,8657.92758506286
6711.56297,0.0052769406948764,1299291.69998334,1989.35977445432,8661.94466655561
6711.57297,0.00528961908806189,1299893.97454623,1994.13941608123,8665.95983030823
6711.58296,0.00530231426456287,1300495.96144812,1998.92538486901,8669.97307632077
6711.59296,0.00531502622437929,1301097.66068898,2003.71768081765,8673.98440459319
6711.60296,0.00532775496751117,1301699.07226882,2008.51630392716,8677.99381512547
6711.61296,0.00534050049395853,1302300.19618765,2013.32125419753,8682.00130791767
6711.62295,0.00535326280372136,1302901.03244546,2018.13253162878,8686.00688296974
6711.63295,0.00536604189679966,1303501.58104226,2022.9501362209,8690.01054028172
6711.64295,0.00537883777319341,1304101.84197803,2027.77406797388,8694.01227985356
6711.65295,0.00539165043290262,1304701.8152528,2032.60432688773,8698.0121016853
6711.66294,0.00540447987592731,1305301.50086654,2037.44091296245,8702.01000577693
6711.67294,0.00541732610226747,1305900.89881926,2042.28382619804,8706.00599212843
6711.68294,0.00543018911192308,1306500.00911098,2047.1330665945,8710.00006073985
6711.69294,0.00544306890489417,1307098.83174167,2051.98863415183,8713.99221161113
6711.70293,0.00545596548118071,1307697.36671135,2056.85052887002,8717.9824447423
6711.71293,0.00546887884078273,1308295.61402,2061.71875074908,8721.97076013336
6711.72293,0.00548180898370021,1308893.57366765,2066.59329978901,8725.95715778432
6711.73292,0.00549475590993315,1309491.24565427,2071.47417598981,8729.94163769514
6711.74292,0.00550771961948157,1310088.62997988,2076.36137935148,8733.92419986588
6711.75292,0.00552070011234545,1310685.72664447,2081.25490987402,8737.90484429649
6711.76292,0.0055336973885248,1311282.53564805,2086.15476755742,8741.88357098698
6711.77291,0.00554671144801961,1311879.05699061,2091.0609524017,8745.86037993738
6711.78291,0.00555974229082988,1312475.29067215,2095.97346440684,8749.83527114765
6711.79291,0.00557278991695562,1313071.23669267,2100.89230357284,8753.80824461782
6711.80291,0.00558585432639682,1313666.89505218,2105.81746989972,8757.77930034785
6711.8129,0.0055989355191535,1314262.26575067,2110.74896338747,8761.74843833779
6711.8229,0.00561203349522563,1314857.34878814,2115.68678403608,8765.71565858761
6711.8329,0.00562514825461323,1315452.1441646,2120.63093184557,8769.68096109733
6711.8429,0.00563827979731631,1316046.65188004,2125.58140681592,8773.64434586693
6711.85289,0.00565142812333484,1316640.87193446,2130.53820894714,8777.60581289642
6711.86289,0.00566459323266884,1317234.80432787,2135.50133823923,8781.56536218577
6711.87289,0.00567777512531831,1317828.44906026,2140.47079469218,8785.52299373504
6711.88289,0.00569097380128324,1318421.80613163,2145.44657830601,8789.47870754419
6711.89288,0.00570418926056364,1319014.87554198,2150.4286890807,8793.43250361322
6711.90288,0.00571742150315951,1319607.65729132,2155.41712701627,8797.38438194215
6711.91288,0.00573067052907084,1320200.15137964,2160.4118921127,8801.33434253094
6711.92288,0.00574393633829763,1320792.35780695,2165.41298437,8805.28238537964
6711.93287,0.00575721893083988,1321384.27657324,2170.42040378816,8809.22851048824
6711.94287,0.00577051830669762,1321975.90767851,2175.4341503672,8813.17271785671
6711.95287,0.0057838344658708,1322567.25112276,2180.4542241071,8817.11500748506
6711.96286,0.00579716740835947,1323158.306906,2185.48062500787,8821.05537937332
6711.97286,0.00581051713416359,1323749.07502822,2190.51335306951,8824.99383352145
6711.98286,0.00582388364328319,1324339.55548942,2195.55240829203,8828.93036992947
6711.99286,0.00583726693571823,1324929.74828961,2200.5977906754,8832.86498859738
6712.00285,0.00585066701146875,1325519.65342878,2205.64950021965,8836.79768952519
6712.01285,0.00586408387053473,1326109.27090693,2210.70753692476,8840.72847271284
6712.02285,0.0058775175129162,1326698.60072407,2215.77190079075,8844.65733816044
6712.03285,0.00589096793861312,1327287.64288018,2220.8425918176,8848.58428586789
6712.04284,0.0059044351476255,1327876.39737529,2225.91961000532,8852.50931583524
6712.05284,0.00591791913995334,1328464.86420937,2231.0029553539,8856.4324280625
6712.06284,0.00593141991559666,1329053.04338244,2236.09262786336,8860.35362254959
6712.07284,0.00594493747455544,1329640.93489449,2241.18862753369,8864.27289929661
6712.08283,0.00595847181682969,1330228.53874553,2246.29095436488,8868.19025830351
6712.09283,0.00597202294241939,1330815.85493554,2251.39960835693,8872.10569957029
6712.10283,0.00598559085132458,1331402.88346454,2256.51458950987,8876.01922309696
6712.11283,0.00599917554354522,1331989.62433253,2261.63589782367,8879.93082888352
6712.12282,0.00601277701908133,1332576.07753949,2266.76353329833,8883.84051692997
6712.13282,0.00602639527793291,1333162.24308544,2271.89749593387,8887.74828723629
6712.14282,0.00604003032009994,1333748.12097038,2277.03778573027,8891.65413980251
6712.15282,0.00605368214558245,1334333.71119429,2282.18440268754,8895.55807462862
6712.16281,0.00606735075438042,1334919.01375719,2287.33734680568,8899.46009171462
6712.17281,0.00608103614649386,1335504.02865908,2292.49661808469,8903.3601910605
6712.18281,0.00609473832192276,1336088.75589994,2297.66221652457,8907.25837266628
6712.1928,0.00610845728066713,1336673.19547979,2302.83414212531,8911.15463653194
6712.2028,0.00612219302272696,1337257.34739862,2308.01239488692,8915.04898265748
6712.2128,0.00613594554810227,1337841.21165644,2313.19697480941,8918.94141104292
6712.2228,0.00614971485679304,1338424.78825324,2318.38788189276,8922.83192168824
6712.23279,0.00616350094879927,1339008.07718902,2323.58511613698,8926.72051459344
6712.24279,0.00617730382412097,1339591.07846378,2328.78867754207,8930.60718975855
6712.25279,0.00619112348275813,1340173.79207753,2333.99856610802,8934.49194718352
6712.26279,0.00620495992471076,1340756.21803026,2339.21478183485,8938.3747868684
6712.27278,0.00621881314997885,1341338.35632197,2344.43732472254,8942.25570881314
6712.28278,0.00623268315856241,1341920.20695267,2349.6661947711,8946.13471301779
6712.29278,0.00624656995046144,1342501.76992235,2354.90139198053,8950.01179948232
6712.30278,0.00626047352567592,1343083.04523101,2360.14291635082,8953.88696820675
6712.31277,0.00627439388420589,1343664.03287866,2365.39076788199,8957.76021919105
6712.32277,0.00628833102605132,1344244.73286529,2370.64494657403,8961.63155243524
6712.33277,0.0063022849512122,1344825.1451909,2375.90545242693,8965.50096793934
6712.34277,0.00631625565968855,1345405.2698555,2381.1722854407,8969.36846570331
6712.35276,0.00633024315148037,1345985.10685907,2386.44544561534,8973.23404572715
6712.36276,0.00634424742658767,1346564.65620164,2391.72493295085,8977.0977080109
6712.37276,0.00635826848501042,1347143.91788318,2397.01074744723,8980.95945255452
6712.38276,0.00637230632674863,1347722.89190371,2402.30288910447,8984.81927935805
6712.39275,0.00638636095180231,1348301.57826321,2407.60135792258,8988.67718842143
