Time,Velocity,Pressure,Gamma,Tau
4476.56474,0.000781684169282504,840409.324001717,294.687989237443,5602.72882667812
4476.57474,0.00078743052970508,840484.503777595,296.854316080056,5603.23002518397
4476.58474,0.000793188414739779,840564.313118965,299.024987599083,5603.76208745977
4476.59473,0.000798957824386597,840648.752025828,301.200003794522,5604.32501350552
4476.60473,0.000804738758645539,840737.820498184,303.379364666375,5604.91880332123
4476.61473,0.000810531217516601,840831.518536031,305.563070214641,5605.54345690687
4476.62473,0.000816335200999784,840929.846139371,307.75112043932,5606.19897426247
4476.63472,0.00082215070909509,841032.803308204,309.943515340413,5606.88535538803
4476.64472,0.000827977741802516,841140.390042529,312.140254917918,5607.60260028353
4476.65472,0.000833816299122064,841252.606342346,314.341339171837,5608.35070894897
4476.66472,0.000839666381053732,841369.452207656,316.546768102168,5609.12968138437
4476.67471,0.000845527987597525,841490.927638459,318.756541708913,5609.93951758972
4476.68471,0.000851401118753436,841617.032634753,320.970659992071,5610.78021756502
4476.69471,0.000857285774521471,841747.76719654,323.189122951643,5611.65178131027
4476.70471,0.000863181954901625,841883.13132382,325.411930587627,5612.55420882547
4476.7147,0.000869089659893903,842023.125016592,327.639082900024,5613.48750011062
4476.7247,0.0008750088894983,842167.748274857,329.870579888835,5614.45165516571
4476.7347,0.000880939643714821,842317.001098614,332.106421554059,5615.44667399076
4476.7447,0.00088688192254346,842470.883487863,334.346607895695,5616.47255658576
4476.75469,0.000892835725984223,842629.395442605,336.591138913745,5617.5293029507
4476.76469,0.000898801054037108,842792.53696284,338.840014608209,5618.6169130856
4476.77469,0.000904777906702114,842960.308048567,341.093234979085,5619.73538699045
4476.78469,0.00091076628397924,843132.708699785,343.350800026375,5620.88472466524
4476.79468,0.000916766185868488,843309.738916497,345.612709750077,5622.06492610998
4476.80468,0.000922777612369858,843491.398698701,347.878964150193,5623.27599132467
4476.81468,0.000928800563483348,843677.688046398,350.149563226722,5624.51792030932
4476.82467,0.000934835039208962,843868.606959587,352.424506979664,5625.79071306392
4476.83467,0.000940881039546697,844064.155438269,354.70379540902,5627.09436958846
4476.84467,0.000946938564496551,844264.333482442,356.987428514787,5628.42888988295
4476.85467,0.000953007614058529,844469.141092109,359.275406296969,5629.79427394739
4476.86466,0.000959088188232627,844678.578267268,361.567728755564,5631.19052178179
4476.87466,0.000965180287018847,844892.645007918,363.864395890572,5632.61763338612
4476.88466,0.000971283910417188,845111.341314062,366.165407701993,5634.07560876042
4476.89466,0.000977399058427652,845334.667185699,368.470764189827,5635.56444790466
4476.90465,0.000983525731050236,845562.622622827,370.780465354074,5637.08415081885
4476.91465,0.000989663928284942,845795.207625448,373.094511194735,5638.63471750299
4476.92465,0.00099581365013177,846032.422193561,375.412901711809,5640.21614795708
4476.93465,0.00100197489659072,846274.266327168,377.735636905295,5641.82844218112
4476.94464,0.00100814766766179,846520.740026266,380.062716775195,5643.47160017511
4476.95464,0.00101433196334498,846771.843290856,382.394141321507,5645.14562193904
4476.96464,0.00102052778364029,847027.57612094,384.729910544234,5646.85050747293
4476.97464,0.00102673512854773,847287.938516515,387.070024443373,5648.58625677677
4476.98463,0.00103295399806728,847552.930477584,389.414483018926,5650.35286985056
4476.99463,0.00103918439219896,847822.552004144,391.763286270892,5652.15034669429
4477.00463,0.00104542631094276,848096.803096197,394.11643419927,5653.97868730798
4477.01463,0.00105167975429868,848375.683753743,396.473926804062,5655.83789169162
4477.02462,0.00105794472226672,848659.19397678,398.835764085267,5657.7279598452
4477.03462,0.00106422121484688,848947.333765311,401.201946042885,5659.64889176874
4477.04462,0.00107050923203917,849240.103119333,403.572472676917,5661.60068746222
4477.05462,0.00107680877384358,849537.502038849,405.947343987362,5663.58334692566
4477.06461,0.0010831198402601,849839.530523856,408.326559974219,5665.59687015904
4477.07461,0.00108944243128875,850146.188574356,410.71012063749,5667.64125716238
4477.08461,0.00109577654692952,850457.476190349,413.098025977173,5669.71650793566
4477.0946,0.00110212218718241,850773.393371834,415.490275993271,5671.82262247889
4477.1046,0.00110847935204743,851093.940118811,417.886870685781,5673.95960079208
4477.1146,0.00111484804152456,851419.116431281,420.287810054704,5676.12744287521
4477.1246,0.00112122825561382,851748.922309244,422.693094100041,5678.32614872829
4477.13459,0.0011276199943152,852083.357752698,425.10272282179,5680.55571835132
4477.14459,0.0011340232576287,852422.422761645,427.516696219953,5682.8161517443
4477.15459,0.00114043804555432,852766.117336085,429.93501429453,5685.10744890723
4477.16459,0.00114686435809206,853114.441476016,432.357677045519,5687.42960984011
4477.17458,0.00115330219524192,853467.395181442,434.784684472921,5689.78263454295
4477.18458,0.00115975155700391,853824.978452358,437.216036576736,5692.16652301572
4477.19458,0.00116621244337801,854187.191288768,439.651733356965,5694.58127525845
4477.20458,0.00117268485436424,854554.033690669,442.091774813607,5697.02689127113
4477.21457,0.00117916878996259,854925.505658064,444.536160946662,5699.50337105376
4477.22457,0.00118566425017306,855301.607190951,446.98489175613,5702.01071460634
4477.23457,0.00119217123499566,855682.33828933,449.437967242011,5704.54892192887
4477.24457,0.00119868974443037,856067.698953201,451.895387404305,5707.11799302134
4477.25456,0.00120521977847721,856457.689182566,454.357152243013,5709.71792788377
4477.26456,0.00121176133713616,856852.308977422,456.823261758132,5712.34872651615
4477.27456,0.00121831442040724,857251.558337771,459.293715949667,5715.01038891848
4477.28456,0.00122487902829044,857655.437263613,461.768514817614,5717.70291509075
4477.29455,0.00123145516078576,858063.945754946,464.247658361974,5720.42630503297
4477.30455,0.0012380428178932,858477.083811774,466.731146582747,5723.18055874516
4477.31455,0.00124464199961277,858894.851434092,469.218979479933,5725.96567622728
4477.32454,0.00125125270594445,859317.248621903,471.711157053532,5728.78165747935
4477.33454,0.00125787493688826,859744.275375206,474.207679303546,5731.62850250137
4477.34454,0.00126450869244419,860175.931694002,476.708546229971,5734.50621129335
4477.35454,0.00127115397261224,860612.21757829,479.21375783281,5737.41478385527
4477.36453,0.00127781077739241,861053.133028072,481.723314112062,5740.35422018715
4477.37453,0.0012844791067847,861498.678043345,484.237215067728,5743.32452028896
4477.38453,0.00129115896078912,861948.85262411,486.755460699806,5746.32568416074
4477.39453,0.00129785033940565,862403.656770369,489.278051008297,5749.35771180246
4477.40452,0.00130455324263431,862863.09048212,491.804985993203,5752.42060321413
4477.41452,0.00131126767047509,863327.153759363,494.33626565452,5755.51435839575
4477.42452,0.00131799362292799,863795.846602099,496.871889992251,5758.63897734733
4477.43452,0.00132473109999301,864269.169010327,499.411859006395,5761.79446006885
4477.44451,0.00133148010167015,864747.120984048,501.956172696952,5764.98080656032
4477.45451,0.00133824062795942,865229.70252326,504.504831063923,5768.19801682174
4477.46451,0.0013450126788608,865716.913627966,507.057834107306,5771.44609085311
4477.47451,0.00135179625437431,866208.754298164,509.615181827103,5774.72502865442
4477.4845,0.00135859135449994,866705.224533854,512.176874223313,5778.03483022569
4477.4945,0.00136539797923769,867206.324335036,514.742911295936,5781.37549556691
4477.5045,0.00137221612858756,867712.053701711,517.313293044972,5784.74702467808
4477.5145,0.00137904580254955,868222.41263388,519.888019470422,5788.1494175592
4477.52449,0.00138588700112367,868737.40113154,522.467090572284,5791.58267421026
4477.53449,0.0013927397243099,869257.019194692,525.050506350559,5795.04679463128
4477.54449,0.00139960397210826,869781.266823337,527.638266805248,5798.54177882225
4477.55448,0.00140647974451874,870310.144017473,530.23037193635,5802.06762678315
4477.56448,0.00141336704154134,870843.650777104,532.826821743865,5805.62433851403
4477.57448,0.00142026586317606,871381.787102226,535.427616227794,5809.21191401484
4477.58448,0.0014271762094229,871924.552992841,538.032755388135,5812.83035328561
4477.59447,0.00143409808028187,872471.948448948,540.642239224889,5816.47965632632
4477.60447,0.00144103147575295,873023.973470548,543.256067738057,5820.15982313699
4477.61447,0.00144797639583616,873580.62805764,545.874240927637,5823.8708537176
4477.62447,0.00145493284053149,874141.912210224,548.496758793631,5827.61274806816
4477.63446,0.00146190080983894,874707.825928301,551.123621336038,5831.38550618867
4477.64446,0.00146888030375851,875278.36921187,553.754828554859,5835.18912807913
4477.65446,0.00147587132229021,875853.542060932,556.390380450092,5839.02361373955
4477.66446,0.00148287386543402,876433.344475486,559.030277021739,5842.88896316991
4477.67445,0.00148988793318996,877017.776455533,561.674518269798,5846.78517637022
4477.68445,0.00149691352555802,877606.838001072,564.323104194271,5850.71225334048
4477.69445,0.0015039506425382,878200.529112104,566.976034795157,5854.67019408069
4477.70445,0.0015109992841305,878798.849788627,569.633310072456,5858.65899859085
4477.71444,0.00151805945033492,879401.800030644,572.294930026168,5862.67866687096
4477.72444,0.00152513114115146,880009.379838153,574.960894656294,5866.72919892102
4477.73444,0.00153221435658013,880621.589211154,577.631203962833,5870.81059474103
4477.74444,0.00153930909662091,881238.428149648,580.305857945784,5874.92285433099
4477.75443,0.00154641536127382,881859.896653634,582.984856605149,5879.0659776909
4477.76443,0.00155353315053885,882485.994723113,585.668199940927,5883.23996482075
4477.77443,0.001560662464416,883116.722358085,588.355887953118,5887.44481572056
4477.78443,0.00156780330290527,883752.079558548,591.047920641723,5891.68053039032
4477.79442,0.00157495566600667,884392.066324503,593.74429800674,5895.94710883002
4477.80442,0.00158211955372018,885036.682655953,596.445020048171,5900.24455103968
4477.81442,0.00158929496604582,885685.928552893,599.150086766014,5904.57285701929
4477.82441,0.00159648190298358,886339.804015326,601.859498160272,5908.93202676884
4477.83441,0.00160368036453346,886998.309043253,604.573254230941,5913.32206028835
4477.84441,0.00161089035069546,887661.44363667,607.291354978025,5917.7429575778
4477.85441,0.00161811186146958,888329.207795581,610.013800401521,5922.19471863721
4477.8644,0.00162534489685583,889001.601519985,612.740590501431,5926.67734346656
4477.8744,0.00163258945685419,889678.624809879,615.471725277753,5931.19083206586
4477.8844,0.00163984554146468,890360.277665268,618.207204730489,5935.73518443512
4477.8944,0.00164711315068729,891046.560086148,620.947028859638,5940.31040057432
4477.90439,0.00165439228452202,891737.472072521,623.6911976652,5944.91648048348
4477.91439,0.00166168294296887,892433.013624387,626.439711147175,5949.55342416258
4477.92439,0.00166898512602784,893133.184741745,629.192569305564,5954.22123161163
4477.93439,0.00167629883369893,893837.985424595,631.949772140365,5958.91990283063
4477.94438,0.00168362406598215,894547.415672937,634.711319651579,5963.64943781958
4477.95438,0.00169096082287748,895261.475486772,637.477211839207,5968.40983657848
4477.96438,0.00169830910438494,895980.1648661,640.247448703248,5973.20109910733
4477.97438,0.00170566891050452,896703.48381092,643.022030243702,5978.02322540613
4477.98437,0.00171304024123623,897431.432321232,645.80095646057,5982.87621547488
4477.99437,0.00172042309658005,898164.010397037,648.584227353851,5987.76006931358
4478.00437,0.00172781747653599,898901.218038334,651.371842923543,5992.67478692223
4478.01437,0.00173522338110406,899643.055245124,654.163803169651,5997.62036830083
4478.02436,0.00174264081028425,900389.522017407,656.960108092171,6002.59681344938
4478.03436,0.00175006976407655,901140.618355181,659.760757691103,6007.60412236787
4478.04436,0.00175751024248098,901896.344258448,662.565751966449,6012.64229505632
4478.05435,0.00176496224549753,902656.699727208,665.375090918208,6017.71133151472
4478.06435,0.00177242577312621,903421.68476146,668.188774546381,6022.81123174307
4478.07435,0.001779900825367,904191.299361205,671.006802850967,6027.94199574136
4478.08435,0.00178738740221992,904965.543526441,673.829175831966,6033.10362350961
4478.09434,0.00179488550368496,905744.41725717,676.655893489377,6038.2961150478
4478.10434,0.00180239512976212,906527.920553392,679.486955823202,6043.51947035595
4478.11434,0.0018099162804514,907316.053415106,682.32236283344,6048.77368943404
4478.12434,0.0018174489557528,908108.815842313,685.162114520092,6054.05877228208
4478.13433,0.00182499315566632,908906.207835011,688.006210883157,6059.37471890008
4478.14433,0.00183254888019197,909708.229393203,690.854651922634,6064.72152928802
4478.15433,0.00184011612932973,910514.880516887,693.707437638526,6070.09920344591
4478.16433,0.00184769490307962,911326.161206064,696.564568030828,6075.50774137376
4478.17432,0.00185528520144163,912142.071460733,699.426043099546,6080.94714307155
4478.18432,0.00186288702441576,912962.611280894,702.291862844676,6086.41740853929
4478.19432,0.00187050037200201,913787.780666548,705.16202726622,6091.91853777699
4478.20432,0.00187812524420039,914617.579617694,708.036536364176,6097.45053078462
4478.21431,0.00188576164101088,915452.008134333,710.915390138546,6103.01338756222
4478.22431,0.0018934095624335,916291.066216463,713.798588589328,6108.60710810975
4478.23431,0.00190106900846823,917134.753864087,716.686131716524,6114.23169242725
4478.24431,0.00190873997911509,917983.071077203,719.578019520133,6119.88714051468
4478.2543,0.00191642247437407,918836.017855811,722.474252000156,6125.57345237207
4478.2643,0.00192411649424518,919693.594199913,725.374829156591,6131.29062799942
4478.2743,0.0019318220387284,920555.800109505,728.27975098944,6137.0386673967
4478.28429,0.00193953910782374,921422.63558459,731.189017498701,6142.81757056394
4478.29429,0.00194726770153121,922294.10062517,734.102628684376,6148.62733750113
4478.30429,0.0019550078198508,923170.195231239,737.020584546464,6154.46796820826
4478.31429,0.00196275946278251,924050.919402803,739.942885084965,6160.33946268536
4478.32428,0.00197052263032634,924936.273139858,742.86953029988,6166.24182093239
4478.33428,0.00197829732248229,925826.256442407,745.800520191207,6172.17504294938
4478.34428,0.00198608353925037,926720.869310447,748.735854758948,6178.13912873631
4478.35428,0.00199388128063056,927620.11174398,751.675534003102,6184.1340782932
4478.36427,0.00200169054662288,928523.983743005,754.619557923669,6190.15989162003
4478.37427,0.00200951133722732,929432.485307523,757.567926520648,6196.21656871682
4478.38427,0.00201734365244388,930345.616437533,760.520639794042,6202.30410958355
4478.39427,0.00202518749227256,931263.377133036,763.477697743848,6208.42251422024
4478.40426,0.00203304285671336,932185.76739403,766.439100370068,6214.57178262687
4478.41426,0.00204090974576628,933112.787220518,769.4048476727,6220.75191480345
4478.42426,0.00204878815943133,934044.436612497,772.374939651746,6226.96291074998
4478.43426,0.0020566780977085,934980.715569971,775.349376307205,6233.20477046647
4478.44425,0.00206457956059778,935921.624092935,778.328157639077,6239.4774939529
4478.45425,0.0020724925480992,936867.162181393,781.311283647363,6245.78108120929
4478.46425,0.00208041706021272,937817.329835342,784.29875433206,6252.11553223561
4478.47425,0.00208835309693838,938772.127054785,787.290569693172,6258.4808470319
4478.48424,0.00209630065827615,939731.553839718,790.286729730697,6264.87702559812
4478.49424,0.00210425974422605,940695.610190146,793.287234444635,6271.30406793431
4478.50424,0.00211223035478806,941664.296106066,796.292083834986,6277.76197404044
4478.51424,0.0021202124899622,942637.611587478,799.301277901749,6284.25074391652
4478.52423,0.00212820614974846,943615.556634382,802.314816644927,6290.77037756255
4478.53423,0.00213621133414684,944598.131246779,805.332700064517,6297.32087497852
4478.54423,0.00214422804315735,945585.335424667,808.354928160521,6303.90223616445
4478.55422,0.00215225627677997,946577.16916805,811.381500932938,6310.51446112033
4478.56422,0.00216029603501472,947573.632476924,814.412418381767,6317.15754984616
4478.57422,0.00216834731786158,948574.72535129,817.44768050701,6323.83150234193
4478.58422,0.00217641012532057,949580.44779115,820.487287308667,6330.53631860766
4478.59421,0.00218448445739168,950590.7997965,823.531238786735,6337.27199864334
4478.60421,0.00219257031407491,951605.781367345,826.579534941218,6344.03854244897
4478.61421,0.00220066769537027,952625.39250368,829.632175772114,6350.83595002454
4478.62421,0.00220877660127774,953649.63320551,832.689161279423,6357.66422137006
4478.6342,0.00221689703179734,954678.503472831,835.750491463145,6364.52335648554
4478.6442,0.00222502898692906,955712.003305644,838.816166323279,6371.41335537096
4478.6542,0.0022331724666729,956750.132703951,841.886185859828,6378.33421802634
4478.6642,0.00224132747102886,957792.89166775,844.960550072789,6385.28594445167
4478.67419,0.00224949399999694,958840.28019704,848.039258962163,6392.26853464694
4478.68419,0.00225767205357714,959892.298291823,851.12231252795,6399.28198861215
4478.69419,0.00226586163176946,960948.9459521,854.209710770152,6406.32630634734
4478.70419,0.00227406273457391,962010.223177868,857.301453688766,6413.40148785245
4478.71418,0.00228227536199048,963076.129969129,860.397541283793,6420.50753312753
4478.72418,0.00229049951401917,964146.666325882,863.497973555233,6427.64444217254
4478.73418,0.00229873519065998,965221.832248128,866.602750503086,6434.81221498752
4478.74418,0.00230698239191291,966301.627735866,869.711872127353,6442.01085157244
4478.75417,0.00231524111777796,967386.052789097,872.825338428032,6449.24035192731
4478.76417,0.00232351136825514,968475.10740782,875.943149405125,6456.50071605213
4478.77417,0.00233179314334443,969568.791592036,879.065305058631,6463.79194394691
4478.78416,0.00234008644304585,970667.105341743,882.191805388549,6471.11403561162
4478.79416,0.00234839126735939,971770.048656944,885.322650394882,6478.46699104629
4478.80416,0.00235670761628505,972877.621537637,888.457840077629,6485.85081025091
4478.81416,0.00236503548982283,973989.823983821,891.597374436787,6493.26549322547
4478.82415,0.00237337488797274,975106.655995499,894.741253472358,6500.71103996999
4478.83415,0.00238172581073476,976228.117572668,897.889477184342,6508.18745048446
4478.84415,0.00239008825810891,977354.208715332,901.042045572741,6515.69472476888
4478.85415,0.00239846223009518,978484.929423487,904.198958637553,6523.23286282325
4478.86414,0.00240684772669357,979620.279697134,907.360216378776,6530.80186464756
4478.87414,0.00241524474790408,980760.259536274,910.525818796414,6538.40173024183
4478.88414,0.00242365329372671,981904.868940906,913.695765890464,6546.03245960604
4478.89414,0.00243207336416146,983054.107911031,916.870057660928,6553.69405274021
4478.90413,0.00244050495920834,984207.976446648,920.048694107805,6561.38650964432
4478.91413,0.00244894807886734,985366.474547758,923.231675231095,6569.10983031838
4478.92413,0.00245740272313845,986529.60221436,926.419001030798,6576.8640147624
4478.93413,0.00246586889202169,987697.359446455,929.610671506914,6584.64906297636
4478.94412,0.00247434658551705,988869.746244042,932.806686659444,6592.46497496028
4478.95412,0.00248283580362454,990046.762607121,936.007046488387,6600.31175071414
4478.96412,0.00249133654634414,991228.408535693,939.211750993742,6608.18939023795
4478.97412,0.00249984881367587,992414.684029756,942.420800175511,6616.09789353171
4478.98411,0.00250837260561971,993605.589089314,945.634194033693,6624.03726059543
4478.99411,0.00251690792217568,994801.123714363,948.851932568289,6632.00749142909
4479.00411,0.00252545476334377,996001.287904904,952.074015779297,6640.0085860327
4479.0141,0.00253401312912398,997206.081660939,955.300443666719,6648.04054440626
4479.0241,0.00254258301951632,998415.504982465,958.531216230553,6656.10336654977
4479.0341,0.00255116443452077,999629.557869484,961.766333470801,6664.19705246323
4479.0441,0.00255975737413735,1000848.240322,965.005795387462,6672.32160214664
4479.05409,0.00256394198428469,1001325.40945045,966.583356247107,6675.50272966964
4479.06409,0.00257255608076117,1002557.36396333,969.830794112043,6683.71575975553
4479.07409,0.00258118241740444,1003794.06918969,973.08284641115,6691.96046126457
4479.08409,0.0025898209942145,1005035.52512951,976.339513144427,6700.23683419676
4479.09408,0.00259847181119136,1006281.73178281,979.600794311874,6708.5448785521
4479.10408,0.00260713486833503,1007532.68914959,982.866689913493,6716.8845943306
4479.11408,0.00261581016564548,1008788.39722984,986.137199949283,6725.25598153224
4479.12408,0.00262449770312274,1010048.85602356,989.412324419242,6733.65904015704
4479.13407,0.00263319748076679,1011314.06553075,992.692063323372,6742.093770205
4479.14407,0.00264190949857764,1012584.02575142,995.976416661674,6750.56017167611
4479.15407,0.00265063375655529,1013858.73668556,999.265384434145,6759.05824457038
4479.16407,0.00265937025469973,1015138.19833317,1002.55896664079,6767.5879888878
4479.17406,0.00266811899301097,1016422.41069426,1005.8571632816,6776.14940462837
4479.18406,0.00267687997148901,1017711.37376881,1009.15997435658,6784.74249179209
4479.19406,0.00268565319013384,1019005.08755685,1012.46739986574,6793.36725037897
4479.20406,0.00269443864894547,1020303.55205835,1015.77943980906,6802.023680389
4479.21405,0.0027032363479239,1021606.76727333,1019.09609418656,6810.71178182219
4479.22405,0.00271204628706913,1022914.73320178,1022.41736299822,6819.43155467853
4479.23405,0.00272086846638115,1024227.4498437,1025.74324624406,6828.18299895802
4479.24405,0.00272970288585997,1025544.9171991,1029.07374392406,6836.96611466066
4479.25404,0.00273854954550559,1026867.13526797,1032.40885603824,6845.78090178647
4479.26404,0.002747408445318,1028194.10405031,1035.74858258659,6854.62736033542
4479.27404,0.00275627958529721,1029525.82354613,1039.09292356911,6863.50549030753
4479.28403,0.00276516296544322,1030862.29375542,1042.4418789858,6872.41529170279
4479.29403,0.00277405858575602,1032203.51467818,1045.79544883666,6881.3567645212
4479.30403,0.00278296644623563,1033549.48631442,1049.15363312169,6890.32990876278
4479.31403,0.00279188654688202,1034900.20866412,1052.51643184089,6899.3347244275
4479.32402,0.00280081888769522,1036255.68172731,1055.88384499426,6908.37121151537
4479.33402,0.00280976346867521,1037615.90550396,1059.2558725818,6917.43937002641
4479.34402,0.00281872028982201,1038980.87999409,1062.63251460352,6926.53919996059
4479.35402,0.00282768935113559,1040350.60519769,1066.0137710594,6935.67070131792
4479.36401,0.00283667065261598,1041725.08111476,1069.39964194945,6944.83387409842
4479.37401,0.00284566419426316,1043104.30774531,1072.79012727368,6954.02871830206
4479.38401,0.00285466997607714,1044488.28508933,1076.18522703207,6963.25523392886
4479.39401,0.00286368799805791,1045877.01314682,1079.58494122464,6972.51342097881
4479.404,0.00287271826020548,1047270.49191779,1082.98926985138,6981.80327945191
4479.414,0.00288176076251985,1048668.72140223,1086.39821291228,6991.12480934817
4479.424,0.00289081550500102,1050071.70160014,1089.81177040736,7000.47801066759
4479.434,0.00289988248764898,1051479.43251152,1093.22994233661,7009.86288341016
4479.44399,0.00290896171046374,1052891.91413638,1096.65272870003,7019.27942757588
4479.45399,0.0029180531734453,1054309.14647471,1100.08012949762,7028.72764316475
4479.46399,0.00292715687659366,1055731.12952652,1103.51214472938,7038.20753017678
4479.47399,0.00293627281990881,1057157.86329179,1106.94877439531,7047.71908861196
4479.48398,0.00294540100339076,1058589.34777054,1110.39001849541,7057.2623184703
4479.49398,0.0029545414270395,1060025.58296277,1113.83587702968,7066.83721975178
4479.50398,0.00296369409085505,1061466.56886846,1117.28634999812,7076.44379245643
4479.51397,0.00297285899483739,1062912.30548763,1120.74143740074,7086.08203658422
4479.52397,0.00298203613898653,1064362.79282028,1124.20113923752,7095.75195213517
4479.53397,0.00299122552330246,1065818.03086639,1127.66545550848,7105.45353910927
4479.54397,0.00300042714778519,1067278.01962598,1131.1343862136,7115.18679750653
4479.55396,0.00300964101243472,1068742.75909904,1134.60793135289,7124.95172732694
4479.56396,0.00301886711725104,1070212.24928558,1138.08609092636,7134.7483285705
4479.57396,0.00302810546223417,1071686.49018558,1141.568864934,7144.57660123723
4479.58396,0.00303735604738409,1073165.48179906,1145.05625337581,7154.4365453271
4479.59395,0.0030466188727008,1074649.22412602,1148.54825625178,7164.32816084012
4479.60395,0.00305589393818432,1076137.71716644,1152.04487356193,7174.2514477763
4479.61395,0.00306518124383463,1077630.96092035,1155.54610530625,7184.20640613564
4479.62395,0.00307448078965173,1079128.95538772,1159.05195148474,7194.19303591812
4479.63394,0.00308379257563564,1080631.70056856,1162.5624120974,7204.21133712376
4479.64394,0.00309311660178634,1082139.19646288,1166.07748714423,7214.26130975255
4479.65394,0.00310245286810384,1083651.44307067,1169.59717662523,7224.3429538045
4479.66394,0.00311180137458814,1085168.44039194,1173.1214805404,7234.4562692796
4479.67393,0.00312116212123923,1086690.18842668,1176.65039888975,7244.60125617785
4479.68393,0.00313053510805712,1088216.68717489,1180.18393167326,7254.77791449926
4479.69393,0.00313992033504181,1089747.93663657,1183.72207889095,7264.98624424383
4479.70393,0.00314931780219329,1091283.93681173,1187.2648405428,7275.22624541154
4479.71392,0.00315872750951157,1092824.68770036,1190.81221662882,7285.49791800241
4479.72392,0.00316814945699665,1094370.18930247,1194.36420714902,7295.80126201644
4479.73392,0.00317758364464853,1095920.44161804,1197.92081210339,7306.13627745361
4479.74392,0.0031870300724672,1097475.44464709,1201.48203149192,7316.50296431395
4479.75391,0.00319648874045267,1099035.19838961,1205.04786531463,7326.90132259742
4479.76391,0.00320595964860494,1100599.70284561,1208.61831357151,7337.33135230407
4479.77391,0.003215442796924,1102168.95801508,1212.19337626256,7347.79305343386
4479.7839,0.00322493818540986,1103742.96389802,1215.77305338778,7358.2864259868
4479.7939,0.00323444581406252,1105321.72049444,1219.35734494717,7368.8114699629
4479.8039,0.00324396568288197,1106905.22780432,1222.94625094073,7379.36818536215
4479.8139,0.00325349779186823,1108493.48582768,1226.53977136846,7389.95657218456
4479.82389,0.00326304214102127,1110086.49456452,1230.13790623036,7400.57663043012
4479.83389,0.00327259873034112,1111684.25401482,1233.74065552643,7411.22836009883
4479.84389,0.00328216755982776,1113286.7641786,1237.34801925668,7421.9117611907
4479.85389,0.0032917486294812,1114894.02505586,1240.95999742109,7432.62683370572
4479.86388,0.00330134193930144,1116506.03664658,1244.57659001967,7443.3735776439
4479.87388,0.00331094748928848,1118122.79895078,1248.19779705243,7454.15199300523
4479.88388,0.00332056527944231,1119744.31196846,1251.82361851935,7464.96207978971
4479.89388,0.00333019530976293,1121370.5756996,1255.45405442045,7475.80383799734
4479.90387,0.00333983758025036,1123001.59014422,1259.08910475572,7486.67726762813
4479.91387,0.00334949209090458,1124637.35530231,1262.72876952515,7497.58236868208
4479.92387,0.0033591588417256,1126277.87117388,1266.37304872876,7508.51914115917
4479.93387,0.00336883783271342,1127923.13775891,1270.02194236654,7519.48758505943
4479.94386,0.00337852906386803,1129573.15505742,1273.67545043849,7530.48770038283
4479.95386,0.00338823253518944,1131227.92306941,1277.33357294461,7541.51948712939
4479.96386,0.00339794824667765,1132887.44179486,1280.9963098849,7552.5829452991
4479.97386,0.00340767619833265,1134551.71123379,1284.66366125936,7563.67807489196
4479.98385,0.00341741639015446,1136220.7313862,1288.33562706799,7574.80487590798
4479.99385,0.00342716882214305,1137894.50225207,1292.01220731079,7585.96334834715
4480.00385,0.00343693349429845,1139573.02383142,1295.69340198776,7597.15349220947
4480.01384,0.00344671040662064,1141256.29612424,1299.37921109891,7608.37530749496
4480.02384,0.00345649955910963,1142944.31913054,1303.06963464422,7619.62879420359
4480.03384,0.00346630095176542,1144637.09285031,1306.76467262371,7630.91395233538
4480.04384,0.003476114584588,1146334.61728355,1310.46432503736,7642.23078189032
4480.05383,0.00348594045757739,1148036.89243026,1314.16859188519,7653.57928286842
4480.06383,0.00349577857073356,1149743.91829045,1317.87747316718,7664.95945526967
4480.07383,0.00350562892405654,1151455.69486411,1321.59096888335,7676.37129909407
4480.08383,0.00351549151754631,1153172.22215124,1325.30907903369,7687.81481434162
4480.09382,0.00352536635120288,1154893.50015185,1329.0318036182,7699.29000101233
4480.10382,0.00353525342502625,1156619.52886593,1332.75914263687,7710.79685910619
4480.11382,0.00354515273901641,1158350.30829348,1336.49109608972,7722.33538862321
4480.12382,0.00355506429317337,1160085.83843451,1340.22766397674,7733.90558956338
4480.13381,0.00356498808749713,1161826.11928901,1343.96884629793,7745.5074619267
4480.14381,0.00357492412198768,1163571.15085698,1347.71464305329,7757.14100571318
4480.15381,0.00358487239664504,1165320.93313842,1351.46505424283,7768.80622092281
4480.16381,0.00359483291146918,1167075.46613334,1355.22007986653,7780.50310755559
4480.1738,0.00360480566646013,1168834.74984173,1358.9797199244,7792.23166561153
4480.1838,0.00361479066161788,1170598.78426359,1362.74397441644,7803.99189509063
4480.1938,0.00362478789694242,1172367.56939893,1366.51284334266,7815.78379599287
4480.2038,0.00363479737243375,1174141.10524774,1370.28632670304,7827.60736831827
4480.21379,0.00364481908809188,1175919.39181002,1374.0644244976,7839.46261206683
4480.22379,0.00365485304391682,1177702.42908578,1377.84713672632,7851.34952723853
4480.23379,0.00366489923990854,1179490.21707501,1381.63446338922,7863.2681138334
4480.24378,0.00367495767606707,1181282.75577771,1385.42640448629,7875.21837185141
4480.25378,0.00368502835239239,1183080.04519389,1389.22296001752,7887.20030129257
4480.26378,0.00369511126888451,1184882.08532353,1393.02412998293,7899.21390215689
4480.27378,0.00370520642554343,1186688.87616666,1396.82991438251,7911.25917444438
4480.28377,0.00371531382236914,1188500.41772325,1400.64031321626,7923.336118155
4480.29377,0.00372543345936165,1190316.70999332,1404.45532648418,7935.44473328879
4480.30377,0.00373556533652096,1192137.75297686,1408.27495418627,7947.58501984572
4480.31377,0.00374570945384706,1193963.54667387,1412.09919632253,7959.75697782581
4480.32376,0.00375586581133997,1195794.09108436,1415.92805289297,7971.96060722905
4480.33376,0.00376603440899967,1197629.38620832,1419.76152389757,7984.19590805545
4480.34376,0.00377621524682616,1199469.43204575,1423.59960933634,7996.462880305
4480.35376,0.00378640832481945,1201314.22859666,1427.44230920928,8008.76152397771
4480.36375,0.00379661364297954,1203163.77586104,1431.2896235164,8021.09183907357
4480.37375,0.00380683120130643,1205018.07383889,1435.14155225768,8033.45382559258
4480.38375,0.00381706099980011,1206877.12253021,1438.99809543314,8045.84748353474
4480.39375,0.0038273030384606,1208740.92193501,1442.85925304276,8058.27281290006
4480.40374,0.00383755731728787,1210609.47205328,1446.72502508656,8070.72981368854
4480.41374,0.00384782383628195,1212482.77288503,1450.59541156453,8083.21848590017
4480.42374,0.00385810259544282,1214360.82443024,1454.47041247667,8095.73882953495
4480.43374,0.00386839359477049,1216243.62668893,1458.35002782297,8108.29084459288
4480.44373,0.00387869683426496,1218131.1796611,1462.23425760345,8120.87453107397
4480.45373,0.00388901231392622,1220023.48334673,1466.1231018181,8133.48988897821
4480.46373,0.00389934003375428,1221920.53774584,1470.01656046692,8146.1369183056
4480.47373,0.00390967999374913,1223822.34285842,1473.91463354991,8158.81561905616
4480.48372,0.00392003219391079,1225728.89868448,1477.81732106708,8171.52599122986
4480.49372,0.00393039663423924,1227640.20522401,1481.72462301841,8184.26803482671
4480.50372,0.00394077331473449,1229556.26247701,1485.63653940391,8197.04174984672
4480.51371,0.00395116223539654,1231477.07044348,1489.55307022358,8209.84713628988
4480.52371,0.00396156339622538,1233402.62912343,1493.47421547743,8222.68419415619
4480.53371,0.00397197679722102,1235332.93851685,1497.39997516544,8235.55292344566
4480.54371,0.00398240243838346,1237267.99862375,1501.33034928763,8248.4533241583
4480.5537,0.00399284031971269,1239207.80944411,1505.26533784398,8261.38539629408
4480.5637,0.00400329044120872,1241152.37097795,1509.20494083451,8274.349139853
4480.5737,0.00401375280287155,1243101.68322526,1513.1491582592,8287.34455483509
4480.5837,0.00402422740470118,1245055.74618605,1517.09799011807,8300.37164124033
4480.59369,0.0040347142466976,1247014.55986031,1521.05143641111,8313.43039906873
4480.60369,0.00404521332886082,1248978.12424804,1525.00949713832,8326.52082832028
4480.61369,0.00405572465119084,1250946.43934925,1528.9721722997,8339.64292899497
4480.62369,0.00406624821368765,1252919.50516392,1532.93946189525,8352.79670109283
4480.63368,0.00407678401635125,1254897.32169207,1536.91136592497,8365.98214461383
4480.64368,0.00408733205918166,1256879.8889337,1540.88788438886,8379.199259558
4480.65368,0.00409789234217887,1258867.2068888,1544.86901728692,8392.4480459253
4480.66368,0.00410846486534287,1260859.27555737,1548.85476461915,8405.72850371578
4480.67367,0.00411904962867367,1262856.09493941,1552.84512638556,8419.0406329294
4480.68367,0.00412964663217126,1264857.66503493,1556.84010258613,8432.38443356617
4480.69367,0.00414025587583566,1266863.98584392,1560.83969322087,8445.75990562611
4480.70367,0.00415087735966685,1268875.05736638,1564.84389828979,8459.16704910919
4480.71366,0.00416151108366484,1270890.87960231,1568.85271779287,8472.60586401543
4480.72366,0.00417215704782962,1272911.45255172,1572.86615173013,8486.07635034482
4480.73366,0.0041828152521612,1274936.77621461,1576.88420010156,8499.57850809737
4480.74365,0.00419348569665958,1276966.85059096,1580.90686290715,8513.11233727306
4480.75365,0.00420416838132475,1279001.67568078,1584.93414014692,8526.6778378719
4480.76365,0.00421486330615672,1281041.25148409,1588.96603182086,8540.27500989391
4480.77365,0.00422557047115549,1283085.57800086,1593.00253792897,8553.90385333906
4480.78364,0.00423628987632106,1285134.65523111,1597.04365847125,8567.56436820739
4480.79364,0.00424702152165343,1287188.48317483,1601.0893934477,8581.25655449886
4480.80364,0.00425776540715258,1289247.06183202,1605.13974285832,8594.98041221347
4480.81364,0.00426852153281854,1291310.39120269,1609.19470670311,8608.73594135126
4480.82363,0.00427928989865129,1293378.47128683,1613.25428498207,8622.52314191218
4480.83363,0.00429007050465085,1295451.30208444,1617.31847769521,8636.34201389626
4480.84363,0.0043008633508172,1297528.88359552,1621.38728484251,8650.1925573035
4480.85363,0.00431166843715034,1299611.21582008,1625.46070642398,8664.07477213388
4480.86362,0.00432248576365029,1301698.29875811,1629.53874243962,8677.98865838741
4480.87362,0.00433331533031703,1303790.13240962,1633.62139288944,8691.93421606412
4480.88362,0.00434415713715057,1305886.71677459,1637.70865777343,8705.91144516397
4480.89362,0.00435501118415089,1307988.05185304,1641.80053709158,8719.92034568697
4480.90361,0.00436587747131803,1310094.13764497,1645.89703084391,8733.96091763312
4480.91361,0.00437675599865195,1312204.97415037,1649.9981390304,8748.03316100245
4480.92361,0.00438764676615268,1314320.56136923,1654.10386165107,8762.13707579489
4480.93361,0.0043985497738202,1316440.89930158,1658.21419870591,8776.27266201053
4480.9436,0.00440946502165452,1318565.98794739,1662.32915019492,8790.43991964928
4480.9536,0.00442039250965564,1320695.82730668,1666.4487161181,8804.63884871122
4480.9636,0.00443133223782354,1322830.41737944,1670.57289647545,8818.8694491963
4480.97359,0.00444228420615827,1324969.75816568,1674.70169126697,8833.13172110453
4480.98359,0.00445324841465977,1327113.84966539,1678.83510049266,8847.42566443591
4480.99359,0.00446422486332807,1329262.69187857,1682.97312415252,8861.75127919046
4481.00359,0.00447521355216317,1331416.28480522,1687.11576224656,8876.10856536815
4481.01358,0.00448621448116508,1333574.62844535,1691.26301477476,8890.49752296899
4481.02358,0.00449722765033377,1335737.72279895,1695.41488173713,8904.918151993
4481.03358,0.00450825305966926,1337905.56786602,1699.57136313368,8919.37045244015
4481.04358,0.00451929070917155,1340078.16364657,1703.73245896439,8933.85442431046
4481.05357,0.00453034059884064,1342255.51014059,1707.89816922928,8948.37006760392
4481.06357,0.00454140272867652,1344437.60734808,1712.06849392834,8962.91738232053
4481.07357,0.00455247709867921,1346624.45526904,1716.24343306156,8977.4963684603
4481.08357,0.00456356370884868,1348816.05390348,1720.42298662896,8992.10702602323
4481.09356,0.00457466255918495,1351012.4032514,1724.60715463053,9006.74935500931
4481.10356,0.00458577364968802,1353213.50331278,1728.79593706627,9021.42335541854
4481.11356,0.0045968969803579,1355419.35408764,1732.98933393618,9036.12902725092
4481.12356,0.00460803255119456,1357629.95557597,1737.18734524026,9050.86637050644
4481.13355,0.00461918036219803,1359845.30777777,1741.38997097851,9065.63538518516
4481.14355,0.00463034041336829,1362065.41069305,1745.59721115093,9080.436071287
4481.15355,0.00464151270470535,1364290.2643218,1749.80906575752,9095.268428812
4481.16355,0.00465269723620919,1366519.86866402,1754.02553479828,9110.13245776015
4481.17354,0.00466389400787985,1368754.22371972,1758.24661827321,9125.02815813145
4481.18354,0.0046751030197173,1370993.32948889,1762.47231618232,9139.95552992591
4481.19354,0.00468632427172154,1373237.18597153,1766.70262852559,9154.91457314352
4481.20354,0.00469755776389259,1375485.79316764,1770.93755530304,9169.90528778429
4481.21353,0.00470880349623043,1377739.15107723,1775.17709651465,9184.92767384821
4481.22353,0.00472006146873506,1379997.25970029,1779.42125216044,9199.98173133529
4481.23353,0.0047313316814065,1382260.11903683,1783.6700222404,9215.06746024551
4481.24352,0.00474261413424473,1384527.72908683,1787.92340675452,9230.18486057889
4481.25352,0.00475390882724975,1386800.08985031,1792.18140570282,9245.33393233543
4481.26352,0.00476521576042158,1389077.20132727,1796.44401908529,9260.51467551512
4481.27352,0.0047765349337602,1391359.0635177,1800.71124690193,9275.72709011797
4481.28351,0.00478786634726563,1393645.67642159,1804.98308915274,9290.97117614396
4481.29351,0.00479921000093784,1395937.04003897,1809.25954583772,9306.24693359311
4481.30351,0.00481056589477685,1398233.15436981,1813.54061695687,9321.55436246542
4481.31351,0.00482193402878266,1400534.01941413,1817.82630251019,9336.89346276087
4481.3235,0.00483331440295527,1402839.63517192,1822.11660249768,9352.26423447948
4481.3335,0.00484470701729467,1405150.00164319,1826.41151691934,9367.66667762124
4481.3435,0.00485611187180087,1407465.11882793,1830.71104577518,9383.10079218618
4481.3535,0.00486752896647387,1409784.98672614,1835.01518906518,9398.56657817424
4481.36349,0.00487895830131367,1412109.60533782,1839.32394678936,9414.06403558546
4481.37349,0.00489039987632026,1414438.97466298,1843.6373189477,9429.59316441984
4481.38349,0.00490185369149365,1416773.09470161,1847.95530554021,9445.15396467738
4481.39349,0.00491331974683384,1419111.96545371,1852.2779065669,9460.74643635807
4481.40348,0.00492479804234082,1421455.58691929,1856.60512202776,9476.37057946191
4481.41348,0.0049362885780146,1423803.95909833,1860.93695192278,9492.02639398889
4481.42348,0.00494779135385518,1426157.08199086,1865.27339625198,9507.71387993905
4481.43348,0.00495930636986255,1428514.95559685,1869.61445501535,9523.43303731234
4481.44347,0.00497083362603673,1430877.57991632,1873.96012821289,9539.18386610881
4481.45347,0.00498237312237769,1433244.95494926,1878.3104158446,9554.96636632841
4481.46347,0.00499392485888546,1435617.08069568,1882.66531791048,9570.78053797118
4481.47346,0.00500548883556002,1437993.95715556,1887.02483441053,9586.62638103709
4481.48346,0.00501706505240138,1440375.58432892,1891.38896534475,9602.50389552616
4481.49346,0.00502865350940954,1442761.96221576,1895.75771071315,9618.41308143838
4481.50346,0.0050402542065845,1445153.09081606,1900.13107051571,9634.35393877376
4481.51345,0.00505186714392625,1447548.97012984,1904.50904475244,9650.32646753229
4481.52345,0.00506349232143479,1449949.6001571,1908.89163342334,9666.33066771398
4481.53345,0.00507512973911014,1452354.98089782,1913.27883652842,9682.36653931883
