Time,Velocity,Pressure,Gamma,Tau
4666.70525,0.000290437387120372,671766.731497728,109.492315404621,4478.44487665152
4666.71525,0.000293984047801102,672455.176344553,110.829374981344,4483.03450896369
4666.72524,0.000297531453624612,673143.819155299,112.166715470277,4487.62546103532
4666.73524,0.0003010796045909,673832.659929964,113.504336871419,4492.21773286643
4666.74524,0.000304628500699966,674521.69866855,114.842239184771,4496.811324457
4666.75524,0.000308178141951812,675210.935371057,116.180422410332,4501.40623580705
4666.76523,0.000311728528346435,675900.370037484,117.518886548102,4506.00246691656
4666.77523,0.000315279659883838,676590.00266783,118.857631598082,4510.60001778553
4666.78523,0.000318831536564019,677279.833262097,120.196657560272,4515.19888841398
4666.79523,0.000322384158386978,677969.861820285,121.535964434671,4519.7990788019
4666.80522,0.000325937525352716,678660.088342393,122.87555222128,4524.40058894929
4666.81522,0.000329491637461233,679350.512828421,124.215420920098,4529.00341885614
4666.82522,0.000333046494712527,680041.135278369,125.555570531125,4533.60756852246
4666.83521,0.000336602097106601,680731.955692238,126.896001054362,4538.21303794825
4666.84521,0.000340158444643454,681422.974070027,128.236712489809,4542.81982713351
4666.85521,0.000343715537323084,682114.190411736,129.577704837464,4547.42793607824
4666.86521,0.000347273375145493,682805.604717366,130.918978097329,4552.03736478244
4666.8752,0.000350831958110681,683497.216986916,132.260532269404,4556.64811324611
4666.8852,0.000354391286218647,684189.027220386,133.602367353689,4561.26018146924
4666.8952,0.000357951359469392,684881.035417777,134.944483350182,4565.87356945185
4666.9052,0.000361512177862915,685573.241579088,136.286880258886,4570.48827719392
4666.91519,0.000365073741399217,686265.645704319,137.629558079798,4575.10430469546
4666.92519,0.000368636050078297,686958.247793471,138.972516812921,4579.72165195648
4666.93519,0.000372199103900156,687651.047846543,140.315756458252,4584.34031897696
4666.94519,0.000375762902864794,688344.045863535,141.659277015793,4588.9603057569
4666.95518,0.000379327446972209,689037.241844448,143.003078485544,4593.58161229632
4666.96518,0.000382892736222405,689730.635789281,144.347160867504,4598.2042385952
4666.97518,0.000386458770615378,690424.227698034,145.691524161674,4602.82818465356
4666.98518,0.00039002555015113,691118.017570708,147.036168368053,4607.45345047139
4666.99517,0.00039359307482966,691812.005407301,148.381093486641,4612.08003604868
4667.00517,0.000397161344650969,692506.191207815,149.726299517439,4616.70794138544
4667.01517,0.000400730359615056,693200.574972249,151.071786460447,4621.33716648166
4667.02517,0.000404300119721922,693895.156700605,152.417554315664,4625.96771133737
4667.03516,0.000407870624971567,694589.936392879,153.76360308309,4630.59957595253
4667.04516,0.00041144187536399,695284.914049075,155.109932762726,4635.23276032717
4667.05516,0.000415013870899191,695980.089669191,156.456543354571,4639.86726446127
4667.06515,0.000418586611577171,696675.463253227,157.803434858626,4644.50308835485
4667.07515,0.000422160097397929,697371.034801183,159.15060727489,4649.14023200789
4667.08515,0.000425734328361467,698066.80431306,160.498060603364,4653.7786954204
4667.09515,0.000429309304467782,698762.771788857,161.845794844047,4658.41847859238
4667.10514,0.000432885025716876,699458.937228574,163.19380999694,4663.05958152383
4667.11514,0.000436461492108749,700155.300632212,164.542106062042,4667.70200421474
4667.12514,0.000440038703643401,700851.86199977,165.890683039354,4672.34574666513
4667.13514,0.00044361666032083,701548.621331248,167.239540928875,4676.99080887499
4667.14513,0.000447195362141038,702245.578626646,168.588679730606,4681.63719084431
4667.15513,0.000450774809104025,702942.733885965,169.938099444546,4686.2848925731
4667.16513,0.000454355001209791,703640.087109205,171.287800070695,4690.93391406137
4667.17513,0.000457935938458335,704337.638296364,172.637781609054,4695.58425530909
4667.18512,0.000461517620849658,705035.387447444,173.988044059623,4700.23591631629
4667.19512,0.000465100048383759,705733.334562444,175.338587422401,4704.88889708296
4667.20512,0.000468683221060638,706431.479641364,176.689411697388,4709.5431976091
4667.21512,0.000472267138880296,707129.822684205,178.040516884585,4714.1988178947
4667.22511,0.000475851801842733,707828.363690966,179.391902983991,4718.85575793978
4667.23511,0.000479437209947948,708527.102661648,180.743569995607,4723.51401774432
4667.24511,0.000483023363195942,709226.03959625,182.095517919433,4728.17359730833
4667.25511,0.000486610261586715,709925.174494771,183.447746755468,4732.83449663181
4667.2651,0.000490197905120266,710624.507357214,184.800256503712,4737.49671571476
4667.2751,0.000493786293796595,711324.038183576,186.153047164166,4742.16025455718
4667.2851,0.000497375427615703,712023.76697386,187.506118736829,4746.82511315906
4667.2951,0.000500965306577589,712723.693728063,188.859471221702,4751.49129152042
4667.30509,0.000504555930682255,713423.818446186,190.213104618784,4756.15878964124
4667.31509,0.000508147299929698,714124.14112823,191.567018928075,4760.82760752154
4667.32509,0.00051173941431992,714824.661774194,192.921214149576,4765.4977451613
4667.33508,0.000515332273852921,715525.380384079,194.275690283287,4770.16920256053
4667.34508,0.0005189258785287,716226.296957884,195.630447329207,4774.84197971922
4667.35508,0.000522520228347258,716927.411495609,196.985485287337,4779.51607663739
4667.36508,0.000526115323308594,717628.723997255,198.340804157676,4784.19149331503
4667.37507,0.000529711163412709,718330.23446282,199.696403940224,4788.86822975214
4667.38507,0.000533307748659602,719031.942892306,201.052284634982,4793.54628594871
4667.39507,0.000536905079049274,719733.849285713,202.40844624195,4798.22566190476
4667.40507,0.000540503154581725,720435.953643039,203.764888761127,4802.90635762026
4667.41506,0.000544101975256954,721138.255964287,205.121612192513,4807.58837309525
4667.42506,0.000547701541074961,721840.756249454,206.478616536109,4812.27170832969
4667.43506,0.000551301852035747,722543.454498542,207.835901791914,4816.95636332361
4667.44506,0.000554902908139312,723246.35071155,209.193467959929,4821.642338077
4667.45505,0.000558504709385655,723949.444888478,210.551315040153,4826.32963258985
4667.46505,0.000562107255774777,724652.737029327,211.909443032587,4831.01824686218
4667.47505,0.000565710547306677,725356.227134096,213.26785193723,4835.70818089397
4667.48505,0.000569314583981356,726059.915202785,214.626541754083,4840.39943468524
4667.49504,0.000572919365798814,726763.801235395,215.985512483145,4845.09200823596
4667.50504,0.00057652489275905,727467.885231924,217.344764124417,4849.78590154616
4667.51504,0.000580131164862064,728172.167192374,218.704296677898,4854.48111461583
4667.52504,0.000583738182107857,728876.647116745,220.064110143589,4859.17764744497
4667.53503,0.000587345944496429,729581.325005036,221.424204521489,4863.87550003358
4667.54503,0.000590954452027779,730286.200857247,222.784579811598,4868.57467238165
4667.55503,0.000594563704701908,730991.274673379,224.145236013917,4873.27516448919
4667.56502,0.000598173702518815,731696.54645343,225.506173128446,4877.9769763562
4667.57502,0.0006017844454785,732402.016197403,226.867391155184,4882.68010798268
4667.58502,0.000605395933580964,733107.683905295,228.228890094131,4887.38455936864
4667.59502,0.000609008166826207,733813.549577108,229.590669945288,4892.09033051405
4667.60501,0.000612621145214229,734519.613212841,230.952730708654,4896.79742141894
4667.61501,0.000616234868745029,735225.874812494,232.31507238423,4901.50583208329
4667.62501,0.000619849337418607,735932.334376068,233.677694972016,4906.21556250712
4667.63501,0.000623464551234964,736638.991903561,235.04059847201,4910.92661269041
4667.645,0.000627080510194099,737345.847394976,236.403782884214,4915.63898263317
4667.655,0.000630697214296013,738052.900850311,237.767248208628,4920.35267233541
4667.665,0.000634314663540706,738760.152269566,239.130994445252,4925.0676817971
4667.675,0.000637932857928177,739467.601652742,240.495021594084,4929.78401101828
4667.68499,0.000641551797458427,740175.248999836,241.859329655127,4934.50165999891
4667.69499,0.000645171482131455,740883.094310853,243.223918628378,4939.22062873902
4667.70499,0.000648791911947262,741591.137585789,244.588788513839,4943.94091723859
4667.71499,0.000652413086905847,742299.378824646,245.95393931151,4948.66252549764
4667.72498,0.000656035007007211,743007.818027422,247.31937102139,4953.38545351615
4667.73498,0.000659657672251353,743716.45519412,248.685083643479,4958.10970129413
4667.74498,0.000663281082638274,744425.290324738,250.051077177778,4962.83526883159
4667.75498,0.000666905238167975,745134.323419275,251.417351624287,4967.5621561285
4667.76497,0.000670530138840452,745843.554477733,252.783906983005,4972.29036318489
4667.77497,0.000674155784655708,746552.983500112,254.150743253932,4977.01989000074
4667.78497,0.000677782175613744,747262.610486409,255.517860437069,4981.75073657606
4667.79497,0.000681409311714557,747972.435436629,256.885258532416,4986.48290291086
4667.80496,0.000685037192958149,748682.458350769,258.252937539972,4991.21638900513
4667.81496,0.00068866581934452,749392.679228828,259.620897459737,4995.95119485886
4667.82496,0.000692295190873669,750103.098070808,260.989138291711,5000.68732047205
4667.83495,0.000695925307545597,750813.714876708,262.357660035896,5005.42476584472
4667.84495,0.000699556169360303,751524.529646529,263.72646269229,5010.16353097686
4667.85495,0.000703187776317788,752235.54238027,265.095546260893,5014.90361586847
4667.86495,0.000706820128418051,752946.753077932,266.464910741705,5019.64502051954
4667.87494,0.000710453225661094,753658.161739513,267.834556134728,5024.38774493009
4667.88494,0.000714087068046914,754369.768365015,269.204482439959,5029.1317891001
4667.89494,0.000717721655575513,755081.572954437,270.5746896574,5033.87715302958
4667.90494,0.000721356988246891,755793.57550778,271.945177787051,5038.62383671853
4667.91493,0.000724993066061048,756505.776025043,273.315946828911,5043.37184016695
4667.92493,0.000728629889017981,757218.174506226,274.68699678298,5048.12116337484
4667.93493,0.000732267457117695,757930.770951329,276.05832764926,5052.87180634219
4667.94493,0.000735905770360187,758643.565360353,277.429939427748,5057.62376906902
4667.95492,0.000739544828745457,759356.557733297,278.801832118446,5062.37705155531
4667.96492,0.000743184632273506,760069.748070161,280.174005721353,5067.13165380108
4667.97492,0.000746825180944333,760783.136370946,281.54646023647,5071.88757580631
4667.98492,0.000750466474757939,761496.722635652,282.919195663796,5076.64481757101
4667.99491,0.000754108513714324,762210.506864277,284.292212003333,5081.40337909518
4668.00491,0.000757751297813487,762924.489056822,285.665509255078,5086.16326037881
4668.01491,0.000761394827055428,763638.669213288,287.039087419032,5090.92446142192
4668.02491,0.000765039101440149,764353.047333675,288.412946495197,5095.6869822245
4668.0349,0.000768684120967648,765067.623417981,289.787086483571,5100.45082278654
4668.0449,0.000772329885637925,765782.397466208,291.161507384154,5105.21598310805
4668.0549,0.00077597639545098,766497.369478356,292.536209196946,5109.98246318904
4668.06489,0.000779623650406815,767212.539454423,293.911191921949,5114.75026302949
4668.07489,0.000783271650505428,767927.907394411,295.28645555916,5119.5193826294
4668.08489,0.000786920395746819,768643.473298319,296.662000108582,5124.28982198879
4668.09489,0.00079056988613099,769359.237166147,298.037825570212,5129.06158110765
4668.10488,0.000794220121657938,770075.198997897,299.413931944052,5133.83465998598
4668.11488,0.000797871102327664,770791.358793566,300.790319230102,5138.60905862377
4668.12488,0.000801522828140169,771507.716553155,302.16698742836,5143.38477702103
4668.13488,0.000805175299095454,772224.272276665,303.543936538829,5148.16181517776
4668.14487,0.000808828515193516,772941.025964095,304.921166561507,5152.94017309397
4668.15487,0.000812482476434358,773657.977615446,306.298677496394,5157.71985076964
4668.16487,0.000816137182817977,774375.127230715,307.676469343491,5162.50084820477
4668.17487,0.000819792634344376,775092.474809907,309.054542102798,5167.28316539938
4668.18486,0.000823448831013553,775810.020353019,310.432895774314,5172.06680235346
4668.19486,0.000827105772825508,776527.76386005,311.811530358039,5176.851759067
4668.20486,0.000830763459780242,777245.705331002,313.190445853974,5181.63803554002
4668.21486,0.000834421891877754,777963.844765874,314.569642262118,5186.42563177249
4668.22485,0.000838081069118046,778682.182164667,315.949119582472,5191.21454776445
4668.23485,0.000841740991501115,779400.71752738,317.328877815035,5196.00478351587
4668.24485,0.000845401659026963,780119.450854013,318.708916959808,5200.79633902675
4668.25485,0.000849063071695589,780838.382144566,320.08923701679,5205.58921429711
4668.26484,0.000852725229506994,781557.51139904,321.469837985981,5210.38340932693
4668.27484,0.000856388132461178,782276.838617435,322.850719867382,5215.17892411623
4668.28484,0.000860051780558141,782996.363799749,324.231882660993,5219.97575866499
4668.29483,0.000863716173797881,783716.086945984,325.613326366813,5224.77391297323
4668.30483,0.000867381312180401,784436.00805614,326.995050984843,5229.57338704093
4668.31483,0.000871047195705699,785156.127130214,328.377056515082,5234.37418086809
4668.32483,0.000874713824373775,785876.44416821,329.75934295753,5239.17629445474
4668.33482,0.00087838119818463,786596.959170126,331.141910312188,5243.97972780084
4668.34482,0.000882049317138263,787317.672135963,332.524758579055,5248.78448090642
4668.35482,0.000885718181234675,788038.58306572,333.907887758132,5253.59055377147
4668.36482,0.000889387790473866,788759.691959396,335.291297849419,5258.39794639598
4668.37481,0.000893058144855835,789480.998816994,336.674988852914,5263.20665877996
4668.38481,0.000896729244380583,790202.503638511,338.05896076862,5268.01669092341
4668.39481,0.000900401089048109,790924.20642395,339.443213596534,5272.82804282633
4668.40481,0.000904073678858414,791646.107173308,340.827747336659,5277.64071448872
4668.4148,0.000907747013811497,792368.205886586,342.212561988993,5282.45470591058
4668.4248,0.000911421093907358,793090.502563785,343.597657553536,5287.2700170919
4668.4348,0.000915095919145999,793812.997204905,344.983034030288,5292.0866480327
4668.4448,0.000918771489527417,794535.689809944,346.36869141925,5296.90459873296
4668.45479,0.000922447805051615,795258.580378904,347.754629720422,5301.72386919269
4668.46479,0.000926124865718591,795981.668911784,349.140848933803,5306.54445941189
4668.47479,0.000929802671528346,796704.955408584,350.527349059394,5311.36636939056
4668.48479,0.000933481222480879,797428.439869307,351.914130097194,5316.18959912871
4668.49478,0.000937160518576191,798152.122293947,353.301192047204,5321.01414862631
4668.50478,0.00094084055981428,798876.002682508,354.688534909422,5325.84001788339
4668.51478,0.00094452134619515,799600.08103499,356.076158683851,5330.66720689993
4668.52478,0.000948202877718798,800324.357351392,357.464063370489,5335.49571567595
4668.53477,0.000951885154385223,801048.831631714,358.852248969336,5340.32554421143
4668.54477,0.000955568176194427,801773.503875958,360.240715480393,5345.15669250638
4668.55477,0.00095925194314641,802498.374084121,361.629462903659,5349.98916056081
4668.56476,0.000962936455241172,803223.442256203,363.018491239135,5354.82294837469
4668.57476,0.000966621712478711,803948.708392207,364.40780048682,5359.65805594805
4668.58476,0.000970307714859031,804674.172492131,365.797390646716,5364.49448328088
4668.59476,0.000973994462382127,805399.834555975,367.18726171882,5369.33223037317
4668.60475,0.000977681955048003,806125.69458374,368.577413703133,5374.17129722494
4668.61475,0.000981370192856656,806851.752575425,369.967846599656,5379.01168383617
4668.62475,0.00098505917580809,807578.00853103,371.358560408389,5383.85339020687
4668.63475,0.000988748903902301,808304.462450556,372.749555129331,5388.69641633704
4668.64474,0.00099243937713929,809031.114334002,374.140830762483,5393.54076222668
4668.65474,0.000996130595519058,809757.964181368,375.532387307844,5398.38642787578
4668.66474,0.000999822559041606,810485.011992655,376.924224765415,5403.23341328436
4668.67474,0.00100351526770693,811212.257767861,378.316343135195,5408.08171845241
4668.68473,0.00100720872151503,811939.701506988,379.708742417184,5412.93134337992
4668.69473,0.00101090292046592,812667.343210036,381.101422611383,5417.7822880669
4668.70473,0.00101459786455958,813395.182877004,382.494383717792,5422.63455251336
4668.71473,0.00101829355379602,814123.220507892,383.887625736409,5427.48813671928
4668.72472,0.00102198998817524,814851.4561027,385.281148667237,5432.34304068467
4668.73472,0.00102568716769723,815579.889661429,386.674952510274,5437.19926440953
4668.74472,0.00102938509236201,816308.521184077,388.06903726552,5442.05680789385
4668.75472,0.00103308376216956,817037.350670647,389.463402932976,5446.91567113765
4668.76471,0.00103678317711989,817766.378121136,390.858049512641,5451.77585414091
4668.77471,0.001040483337213,818495.603535546,392.252977004516,5456.63735690364
4668.78471,0.00104418424244889,819225.026913877,393.6481854086,5461.50017942585
4668.7947,0.00104788589282756,819954.648256127,395.043674724894,5466.36432170752
4668.8047,0.00105158828834901,820684.467562298,396.439444953397,5471.22978374865
4668.8147,0.00105529142901323,821414.48483239,397.83549609411,5476.09656554927
4668.8247,0.00105899531482024,822144.700066402,399.231828147032,5480.96466710934
4668.83469,0.00106269994577002,822875.113264333,400.628441112164,5485.83408842889
4668.84469,0.00106640532186258,823605.724426186,402.025334989505,5490.7048295079
4668.85469,0.00107011144309792,824336.533551958,403.422509779055,5495.57689034638
4668.86469,0.00107381830947604,825067.540641651,404.819965480815,5500.45027094434
4668.87468,0.00107752592099693,825798.745695264,406.217702094785,5505.32497130176
4668.88468,0.00108123427766061,826530.148712797,407.615719620964,5510.20099141865
4668.89468,0.00108494337946706,827261.74969425,409.014018059352,5515.078331295
4668.90468,0.00108865322641629,827993.548639625,410.41259740995,5519.95699093084
4668.91467,0.0010923638185083,828725.545548919,411.811457672758,5524.83697032613
4668.92467,0.00109607515574309,829457.740422134,413.210598847774,5529.71826948089
4668.93467,0.00109978723812066,830190.133259269,414.610020935001,5534.60088839513
4668.94467,0.00110350006564101,830922.724060324,416.009723934436,5539.48482706883
4668.95466,0.00110721363830413,831655.5128253,417.409707846082,5544.370085502
4668.96466,0.00111092795611003,832388.499554195,418.809972669937,5549.25666369464
4668.97466,0.00111464301905872,833121.684247012,420.210518406001,5554.14456164675
4668.98466,0.00111835882715018,833855.066903748,421.611345054275,5559.03377935832
4668.99465,0.00112207538038441,834588.647524406,423.012452614758,5563.92431682937
4669.00465,0.00112579267876143,835322.426108983,424.41384108745,5568.81617405989
4669.01465,0.00112951072228123,836056.40265748,425.815510472353,5573.70935104987
4669.02464,0.0011332295109438,836790.577169898,427.217460769464,5578.60384779932
4669.03464,0.00113694904474915,837524.949646237,428.619691978785,5583.49966430824
4669.04464,0.00114066932369729,838259.520086495,430.022204100316,5588.39680057663
4669.05464,0.0011443903477882,838994.288490674,431.424997134056,5593.29525660449
4669.06463,0.00114811211702188,839729.254858773,432.828071080005,5598.19503239182
4669.07463,0.00115183463139835,840464.419190792,434.231425938164,5603.09612793861
4669.08463,0.0011555578909176,841199.781486732,435.635061708533,5607.99854324488
4669.09463,0.00115928189557962,841935.341746592,437.03897839111,5612.90227831061
4669.10462,0.00116300664538443,842671.099970372,438.443175985898,5617.80733313581
4669.11462,0.00116673214033201,843407.056158073,439.847654492895,5622.71370772049
4669.12462,0.00117045838042237,844143.210309694,441.252413912101,5627.62140206462
4669.13462,0.0011741853656555,844879.562425235,442.657454243517,5632.53041616824
4669.14461,0.00117791309603142,845616.112504696,444.062775487142,5637.44075003131
4669.15461,0.00118164157155012,846352.860548079,445.468377642977,5642.35240365386
4669.16461,0.00118537079221159,847089.806555381,446.874260711021,5647.26537703588
4669.17461,0.00118910075801584,847826.950526604,448.280424691275,5652.17967017736
4669.1846,0.00119283146896287,848564.292461746,449.686869583738,5657.09528307831
4669.1946,0.00119656292505268,849301.832360809,451.093595388411,5662.01221573873
4669.2046,0.00120029512628527,850039.570223794,452.500602105293,5666.93046815863
4669.2146,0.00120402807266064,850777.506050697,453.907889734385,5671.85004033798
4669.22459,0.00120776176417878,851515.639841522,455.315458275686,5676.77093227681
4669.23459,0.00121149620083971,852253.971596266,456.723307729196,5681.69314397511
4669.24459,0.00121523138264341,852992.50131493,458.131438094916,5686.61667543287
4669.25459,0.00121896730958989,853731.228997516,459.539849372846,5691.5415266501
4669.26458,0.00122270398167915,854470.154644021,460.948541562984,5696.46769762681
4669.27458,0.00122644139891119,855209.278254447,462.357514665333,5701.39518836298
4669.28458,0.001230179561286,855948.599828793,463.766768679891,5706.32399885862
4669.29457,0.0012339184688036,856688.119367059,465.176303606659,5711.25412911373
4669.30457,0.00123765812146397,857427.836869246,466.586119445635,5716.18557912831
4669.31457,0.00124139851926712,858167.752335353,467.996216196822,5721.11834890235
4669.32457,0.00124513966221306,858907.86576538,469.406593860218,5726.05243843587
4669.33456,0.00124888155030176,859648.177159328,470.817252435823,5730.98784772885
4669.34456,0.00125262418353325,860388.686517196,472.228191923637,5735.92457678131
4669.35456,0.00125636756190752,861129.393838984,473.639412323662,5740.86262559323
4669.36456,0.00126011168542456,861870.299124693,475.050913635895,5745.80199416462
4669.37455,0.00126385655408439,862611.402374321,476.462695860339,5750.74268249547
4669.38455,0.00126760216788699,863352.703587871,477.874758996991,5755.68469058581
4669.39455,0.00127134852683237,864094.202765341,479.287103045853,5760.6280184356
4669.40455,0.00127509563092053,864835.89990673,480.699728006925,5765.57266604487
4669.41454,0.00127884348015147,865577.79501204,482.112633880206,5770.5186334136
4669.42454,0.00128259207452518,866319.888081271,483.525820665697,5775.46592054181
4669.43454,0.00128634141404168,867062.179114422,484.939288363397,5780.41452742948
4669.44454,0.00129009149870095,867804.668111492,486.353036973306,5785.36445407662
4669.45453,0.001293842328503,868547.355072484,487.767066495425,5790.31570048323
4669.46453,0.00129759390344783,869290.239997396,489.181376929753,5795.2682666493
4669.47453,0.00130134622353544,870033.322886227,490.595968276292,5800.22215257485
4669.48453,0.00130509928876583,870776.60373898,492.010840535039,5805.17735825987
4669.49452,0.00130885309913899,871520.082555653,493.425993705996,5810.13388370435
4669.50452,0.00131260765465494,872263.759336246,494.841427789162,5815.0917289083
4669.51452,0.00131636295531366,873007.634080759,496.257142784538,5820.05089387173
4669.52451,0.00132011900111516,873751.706789193,497.673138692123,5825.01137859462
4669.53451,0.00132387579205944,874495.977461547,499.089415511918,5829.97318307698
4669.54451,0.0013276333281465,875240.446097821,500.505973243922,5834.9363073188
4669.55451,0.00133139160937634,875985.112698016,501.922811888136,5839.9007513201
4669.5645,0.00133515063574896,876729.97726213,503.339931444559,5844.86651508087
4669.5745,0.00133891040726435,877475.039790165,504.757331913192,5849.8335986011
4669.5845,0.00134267092392252,878220.300282121,506.175013294034,5854.80200188081
4669.5945,0.00134643218572347,878965.758737996,507.592975587085,5859.77172491997
4669.60449,0.0013501941926672,879711.415157793,509.011218792347,5864.74276771862
4669.61449,0.00135395694475371,880457.269541509,510.429742909817,5869.71513027673
4669.62449,0.001357720441983,881203.321889146,511.848547939497,5874.68881259431
4669.63449,0.00136148468435506,881949.572200703,513.267633881386,5879.66381467135
4669.64448,0.00136524967186991,882696.020476181,514.687000735485,5884.64013650787
4669.65448,0.00136901540452753,883442.666715579,516.106648501794,5889.61777810386
4669.66448,0.00137278188232793,884189.510918896,517.526577180312,5894.59673945931
4669.67448,0.00137654910527111,884936.553086135,518.946786771039,5899.57702057423
4669.68447,0.00138031707335707,885683.793217293,520.367277273976,5904.55862144862
4669.69447,0.00138408578658581,886431.231312372,521.788048689123,5909.54154208248
4669.70447,0.00138785524495732,887178.867371372,523.209101016478,5914.52578247581
4669.71447,0.00139162544847162,887926.701394291,524.630434256044,5919.51134262861
4669.72446,0.00139539639712869,888674.733381132,526.052048407818,5924.49822254088
4669.73446,0.00139916809092854,889422.963331893,527.473943471802,5929.48642221262
4669.74446,0.00140156744727232,889855.567267063,528.378479503359,5932.37044844709
4669.75445,0.00140528938636045,890282.663638288,529.781617482924,5935.21775758859
4669.76445,0.00140906351998763,891037.182435198,531.20443234014,5940.24788290132
4669.77445,0.00141283855336702,891791.9689895,532.627586395952,5945.27979326333
4669.78445,0.00141661448649864,892547.023301194,534.05107965036,5950.31348867463
4669.79444,0.00142039131938247,893302.34537028,535.474912103363,5955.3489691352
4669.80444,0.00142416905201853,894057.935196759,536.899083754962,5960.38623464506
4669.81444,0.00142794768440681,894813.792780631,538.323594605158,5965.4252852042
4669.82444,0.0014317272165473,895569.918121893,539.748444653949,5970.46612081262
4669.83443,0.00143550764844002,896326.311220548,541.173633901336,5975.50874147032
4669.84443,0.00143928898008496,897082.972076595,542.599162347319,5980.5531471773
4669.85443,0.00144307121148212,897839.900690035,544.025029991898,5985.59933793357
4669.86443,0.0014468543426315,898597.097060867,545.451236835073,5990.64731373912
4669.87442,0.0014506383735331,899354.561189091,546.877782876844,5995.69707459394
4669.88442,0.00145442330418692,900112.293074707,548.30466811721,6000.74862049805
4669.89442,0.00145820913459296,900870.292717716,549.731892556173,6005.80195145144
4669.90442,0.00146199586475122,901628.560118117,551.159456193731,6010.85706745412
4669.91441,0.0014657834946617,902387.09527591,552.587359029886,6015.91396850607
4669.92441,0.0014695720243244,903145.898191094,554.015601064635,6020.97265460729
4669.93441,0.00147336145373933,903904.968863672,555.444182297982,6026.03312575781
4669.94441,0.00147715178290647,904664.307293642,556.873102729923,6031.09538195761
4669.9544,0.00148094301182583,905423.913481003,558.302362360461,6036.15942320669
4669.9644,0.00148473514049742,906183.787425758,559.731961189595,6041.22524950505
4669.9744,0.00148852816892122,906943.929127904,561.161899217324,6046.29286085269
4669.9844,0.00149232209709724,907704.338587442,562.59217644365,6051.36225724961
4669.99439,0.00149611692502549,908465.015804373,564.022792868572,6056.43343869582
4670.00439,0.00149991265270595,909225.960778695,565.453748492088,6061.5064051913
4670.01439,0.00150370928013864,909987.17351041,566.885043314202,6066.58115673606
4670.02438,0.00150750680732355,910748.653999518,568.316677334911,6071.65769333012
4670.03438,0.00151130523426067,911510.402246017,569.748650554216,6076.73601497345
4670.04438,0.00151510456095002,912272.418249909,571.180962972117,6081.81612166606
4670.05438,0.00151890478739159,913034.702011193,572.613614588614,6086.89801340795
4670.06437,0.00152270591358537,913797.253529869,574.046605403706,6091.98169019912
4670.07437,0.00152650793953138,914560.072805938,575.479935417394,6097.06715203958
4670.08437,0.00153031086522961,915323.159839398,576.913604629679,6102.15439892932
4670.09437,0.00153411469068006,916086.514630251,578.347613040559,6107.24343086834
4670.10436,0.00153791941588273,916850.137178496,579.781960650035,6112.33424785664
4670.11436,0.00154172504083762,917614.027484132,581.216647458107,6117.42684989421
4670.12436,0.00154553156554473,918378.185547162,582.651673464775,6122.52123698108
4670.13436,0.00154933899000406,919142.611367583,584.087038670039,6127.61740911722
4670.14435,0.00155314731421561,919907.304945398,585.522743073899,6132.71536630265
4670.15435,0.00155695653817939,920672.266280603,586.958786676354,6137.81510853736
4670.16435,0.00156076666189538,921437.495373202,588.395169477406,6142.91663582135
4670.17435,0.00156457768536359,922202.992223193,589.831891477053,6148.01994815462
4670.18434,0.00156838960858402,922968.756830575,591.268952675297,6153.12504553717
4670.19434,0.00157220243155668,923734.789195349,592.706353072136,6158.231927969
4670.20434,0.00157601615428155,924501.089317516,594.144092667571,6163.34059545011
4670.21434,0.00157983077675864,925267.657197076,595.582171461602,6168.45104798051
4670.22433,0.00158364629898796,926034.492834028,597.020589454229,6173.56328556019
4670.23433,0.00158746272096949,926801.596228372,598.459346645451,6178.67730818915
4670.24433,0.00159128004270325,927568.967380107,599.89844303527,6183.79311586738
4670.25432,0.00159509826418923,928336.606289236,601.337878623685,6188.91070859491
4670.26432,0.00159891738542742,929104.512955756,602.777653410695,6194.03008637171
4670.27432,0.00160273740641784,929872.687379669,604.217767396301,6199.1512491978
4670.28432,0.00160655832716048,930641.129560974,605.658220580503,6204.27419707316
4670.29431,0.00161038014765534,931409.839499671,607.099012963302,6209.39892999781
4670.30431,0.00161420286790241,932178.817195759,608.540144544695,6214.52544797173
4670.31431,0.00161802648790171,932948.062649241,609.981615324685,6219.65375099494
4670.32431,0.00162185100765323,933717.575860116,611.423425303271,6224.78383906744
4670.3343,0.00162567642715697,934487.356828381,612.865574480453,6229.91571218921
4670.3443,0.00162950274641293,935257.40555404,614.30806285623,6235.04937036027
4670.3543,0.00163332996542111,936027.72203709,615.750890430603,6240.1848135806
4670.3643,0.00163715808418151,936798.306277533,617.194057203573,6245.32204185022
4670.37429,0.00164098710269413,937569.158275367,618.637563175138,6250.46105516911
4670.38429,0.00164481702095897,938340.278030594,620.081408345299,6255.60185353729
4670.39429,0.00164864783897603,939111.665543213,621.525592714056,6260.74443695475
4670.40429,0.00165247955674532,939883.320813224,622.970116281409,6265.88880542149
4670.41428,0.00165631217426682,940655.243840628,624.414979047358,6271.03495893752
4670.42428,0.00166014569154054,941427.434625424,625.860181011902,6276.18289750282
4670.43428,0.00166398010856649,942199.893167612,627.305722175043,6281.33262111741
4670.44428,0.00166781542534465,942972.619467192,628.751602536779,6286.48412978128
4670.45427,0.00167165164187504,943745.613524165,630.197822097112,6291.63742349443
4670.46427,0.00167548875815764,944518.875338529,631.64438085604,6296.79250225686
4670.47427,0.00167932677419247,945292.404910286,633.091278813564,6301.94936606857
4670.48426,0.00168316568997951,946066.202239435,634.538515969684,6307.10801492957
4670.49426,0.00168700550551878,946840.267325976,635.986092324399,6312.26844883984
4670.50426,0.00169084622081027,947614.600169911,637.434007877711,6317.4306677994
4670.51426,0.00169468783585397,948389.200771236,638.882262629619,6322.59467180824
4670.52425,0.0016985303506499,949164.069129954,640.330856580122,6327.76046086636
4670.53425,0.00170237376519805,949939.205246064,641.779789729222,6332.92803497376
4670.54425,0.00170621807949842,950714.609119567,643.229062076917,6338.09739413045
4670.55425,0.00171006329355101,951490.280750461,644.678673623209,6343.26853833641
4670.56424,0.00171390940735581,952266.220138748,646.128624368095,6348.44146759165
4670.57424,0.00171775642091284,953042.427284427,647.578914311579,6353.61618189618
4670.58424,0.00172160433422209,953818.902187499,649.029543453657,6358.79268124999
4670.59424,0.00172545314728356,954595.644847962,650.480511794332,6363.97096565308
4670.60423,0.00172930286009726,955372.655265817,651.931819333603,6369.15103510545
4670.61423,0.00173315347266317,956149.933441066,653.383466071469,6374.3328896071
4670.62423,0.0017370049849813,956927.479373706,654.835452007932,6379.51652915804
4670.63423,0.00174085739705165,957705.293063738,656.28777714299,6384.70195375826
4670.64422,0.00174471070887422,958483.374511163,657.740441476644,6389.88916340775
4670.65422,0.00174856492044902,959261.72371598,659.193445008895,6395.07815810653
4670.66422,0.00175242003177603,960040.340678188,660.64678773974,6400.26893785459
4670.67422,0.00175627604285526,960819.22539779,662.100469669182,6405.46150265193
4670.68421,0.00176013295368672,961598.377874783,663.55449079722,6410.65585249855
4670.69421,0.00176399076427039,962377.798109168,665.008851123854,6415.85198739445
4670.70421,0.00176784947460629,963157.486100946,666.463550649084,6421.04990733964
4670.71421,0.00177170908469441,963937.441850117,667.918589372909,6426.24961233411
4670.7242,0.00177556959453474,964717.665356679,669.37396729533,6431.45110237786
4670.7342,0.0017794310041273,965498.156620633,670.829684416347,6436.65437747089
4670.7442,0.00178329331347207,966278.91564198,672.285740735961,6441.8594376132
4670.75419,0.00178715652256907,967059.942420718,673.742136254169,6447.06628280479
4670.76419,0.00179102063141829,967841.236956849,675.198870970974,6452.27491304566
4670.77419,0.00179488564001973,968622.799250373,676.655944886375,6457.48532833582
4670.78419,0.00179875154837339,969404.629301288,678.113358000371,6462.69752867525
4670.79418,0.00180261835647927,970186.727109596,679.571110312964,6467.91151406397
4670.80418,0.00180648606433736,970969.092675295,681.029201824152,6473.12728450197
4670.81418,0.00181035467194769,971751.725998389,682.487632533937,6478.34483998926
4670.82418,0.00181422417931023,972534.627078873,683.946402442317,6483.56418052582
4670.83417,0.00181809458642499,973317.795916751,685.405511549293,6488.78530611167
4670.84417,0.00182196589329197,974101.232512019,686.864959854865,6494.00821674679
4670.85417,0.00182583809991117,974884.936864679,688.324747359033,6499.23291243119
4670.86417,0.00182971120628259,975668.908974732,689.784874061796,6504.45939316488
4670.87416,0.00183358521240623,976453.148842179,691.245339963157,6509.68765894786
4670.88416,0.0018374601182821,977237.656467016,692.706145063112,6514.91770978011
4670.89416,0.00184133592391018,978022.431849245,694.167289361664,6520.14954566163
4670.90416,0.00184521262929048,978807.474988867,695.628772858811,6525.38316659245
4670.91415,0.00184909023442301,979592.785885882,697.090595554554,6530.61857257254
4670.92415,0.00185296873930775,980378.364540288,698.552757448894,6535.85576360192
4670.93415,0.00185684814394472,981164.210952088,700.015258541829,6541.09473968059
4670.94415,0.0018607284483339,981950.325121278,701.478098833359,6546.33550080852
4670.95414,0.00186460965247531,982736.707047861,702.941278323486,6551.57804698574
4670.96414,0.00186849175636894,983523.356731837,704.404797012209,6556.82237821224
4670.97414,0.00187237476001478,984310.274173205,705.868654899527,6562.06849448803
4670.98413,0.00187625866341285,985097.459371964,707.332851985442,6567.31639581309
4670.99413,0.00188014346656314,985884.912328116,708.797388269953,6572.56608218744
4671.00413,0.00188402916946565,986672.633041661,710.262263753058,6577.81755361107
4671.01413,0.00188791577212037,987460.621512596,711.72747843476,6583.07081008397
4671.02412,0.00189180327452732,988248.877740926,713.193032315058,6588.32585160617
4671.03412,0.00189569167668649,989037.401726647,714.658925393952,6593.58267817765
4671.04412,0.00189958097859788,989826.193469759,716.125157671442,6598.8412897984
4671.05412,0.00190347118026149,990615.252970264,717.591729147528,6604.10168646843
4671.06411,0.00190736228167732,991404.580228162,719.058639822209,6609.36386818775
4671.07411,0.00191125428284537,992194.175243452,720.525889695487,6614.62783495635
4671.08411,0.00191514718376565,992984.038016134,721.993478767361,6619.89358677423
4671.09411,0.00191904098443814,993774.168546208,723.461407037829,6625.16112364139
4671.1041,0.00192293568486285,994564.566833675,724.929674506894,6630.43044555783
4671.1141,0.00192683128503978,995355.232878532,726.398281174555,6635.70155252355
4671.1241,0.00193072778496894,996146.166680784,727.867227040812,6640.97444453856
4671.1341,0.00193462518465031,996937.368240427,729.336512105665,6646.24912160284
4671.14409,0.0019385234840839,997728.837557463,730.806136369114,6651.52558371642
4671.15409,0.00194242268326972,998520.57463189,732.276099831159,6656.80383087927
4671.16409,0.00194632278220775,999312.57946371,733.746402491799,6662.0838630914
4671.17409,0.00195022378089801,1000104.85205292,735.217044351035,6667.36568035281
4671.18408,0.00195412567934049,1000897.39239952,736.688025408868,6672.6492826635
4671.19408,0.00195802847753518,1001690.20050352,738.159345665296,6677.93467002348
4671.20408,0.0019619321754821,1002483.27636491,739.631005120319,6683.22184243274
4671.21408,0.00196583677318123,1003276.61998369,741.10300377394,6688.51079989128
4671.22407,0.00196974227063259,1004070.23135986,742.575341626155,6693.8015423991
4671.23407,0.00197364866783617,1004864.11049343,744.048018676967,6699.0940699562
4671.24407,0.00197755596479197,1005658.25738439,745.521034926374,6704.38838256258
4671.25406,0.00198146416149999,1006452.67203274,746.994390374378,6709.68448021824
4671.26406,0.00198537325796023,1007247.35443848,748.468085020978,6714.98236292318
4671.27406,0.00198928325417269,1008042.30460161,749.942118866173,6720.28203067741
4671.28406,0.00199319415013737,1008837.52252214,751.416491909964,6725.58348348092
4671.29405,0.00199710594585427,1009633.00820006,752.891204152351,6730.88672133372
4671.30405,0.00200101864132339,1010428.76163537,754.366255593334,6736.19174423579
4671.31405,0.00200493223654473,1011224.78282807,755.841646232913,6741.49855218713
4671.32405,0.00200884673151829,1012021.07177816,757.317376071087,6746.80714518777
4671.33404,0.00201276212624407,1012817.62848565,758.793445107858,6752.11752323768
4671.34404,0.00201667842072208,1013614.45295053,760.269853343225,6757.42968633688
4671.35404,0.0020205956149523,1014411.5451728,761.746600777187,6762.74363448536
4671.36404,0.00202451370893474,1015208.90515247,763.223687409745,6768.05936768312
4671.37403,0.00202843270266941,1016006.53288952,764.701113240899,6773.37688593016
4671.38403,0.00203235259615629,1016804.42838397,766.178878270649,6778.69618922648
4671.39403,0.00203627338939539,1017602.59163581,767.656982498995,6784.01727757209
4671.40403,0.00204019508238672,1018401.02264505,769.135425925938,6789.34015096697
4671.41402,0.00204411767513027,1019199.72141167,770.614208551475,6794.66480941114
4671.42402,0.00204804116762603,1019998.68793569,772.093330375608,6799.99125290459
4671.43402,0.00205196555987402,1020797.9222171,773.572791398338,6805.31948144732
4671.44402,0.00205589085187423,1021597.4242559,775.052591619663,6810.64949503933
4671.45401,0.00205981704362665,1022397.19405209,776.532731039585,6815.98129368062
4671.46401,0.0020637441351313,1023197.23160568,778.013209658103,6821.31487737119
4671.47401,0.00206767212638817,1023997.53691666,779.494027475215,6826.65024611104
4671.484,0.00207160101739726,1024798.10998503,780.975184490924,6831.98739990019
4671.494,0.00207553080815857,1025598.95081079,782.456680705228,6837.32633873861
4671.504,0.0020794614986721,1026400.05939395,783.938516118129,6842.66706262631
4671.514,0.00208339308893785,1027201.43573449,785.420690729626,6848.00957156329
4671.52399,0.00208732557895582,1028003.07983243,786.903204539719,6853.35386554955
4671.53399,0.00209125896872601,1028804.99168776,788.386057548407,6858.6999445851
4671.54399,0.00209519325824842,1029607.17130049,789.869249755691,6864.04780866992
4671.55399,0.00209912844752305,1030409.61867061,791.352781161571,6869.39745780404
4671.56398,0.0021030645365499,1031212.33379811,792.836651766047,6874.74889198742
4671.57398,0.00210700152532897,1032015.31668301,794.320861569119,6880.10211122008
4671.58398,0.00211093941386027,1032818.56732531,795.805410570787,6885.45711550203
4671.59398,0.00211487820214378,1033622.08572499,797.290298771051,6890.81390483327
4671.60397,0.00211881789017951,1034425.87188207,798.77552616991,6896.17247921378
4671.61397,0.00212275847796747,1035229.92579654,800.261092767366,6901.53283864357
4671.62397,0.00212669996550764,1036034.2474684,801.746998563417,6906.89498312266
4671.63397,0.00213064235280004,1036838.83689765,803.233243558064,6912.258912651
4671.64396,0.00213458563984465,1037643.6940843,804.719827751308,6917.62462722865
4671.65396,0.00213852982664149,1038448.81902834,806.206751143147,6922.99212685557
4671.66396,0.00214247491319055,1039254.21172977,807.694013733582,6928.36141153178
4671.67396,0.00214642089949182,1040059.87218859,809.181615522613,6933.73248125726
4671.68395,0.00215036778554532,1040865.8004048,810.66955651024,6939.10533603202
4671.69395,0.00215431557135104,1041671.99637841,812.157836696463,6944.47997585607
4671.70395,0.00215826425690898,1042478.46010941,813.646456081281,6949.8564007294
4671.71394,0.00216221384221913,1043285.1915978,815.135414664695,6955.234610652
4671.72394,0.00216616432728152,1044092.19084358,816.624712446706,6960.61460562389
4671.73394,0.00217011571209611,1044899.45784676,818.114349427311,6965.99638564507
4671.74394,0.00217406799666293,1045706.99260733,819.604325606514,6971.37995071552
4671.75393,0.00217802118098197,1046514.79512529,821.094640984311,6976.76530083526
4671.76393,0.00218197526505323,1047322.86540064,822.585295560705,6982.15243600428
4671.77393,0.00218593024887671,1048131.20343339,824.076289335695,6987.54135622258
4671.78393,0.00218988613245241,1048939.80922352,825.56762230928,6992.93206149015
4671.79392,0.00219384291578034,1049748.68277105,827.059294481462,6998.32455180701
4671.80392,0.00219780059886048,1050557.82407597,828.551305852239,7003.71882717316
4671.81392,0.00220175918169284,1051367.23313829,830.043656421613,7009.11488758858
4671.82392,0.00220571866427743,1052176.90995799,831.536346189582,7014.51273305328
4671.83391,0.00220967904661423,1052986.85453509,833.029375156147,7019.91236356727
4671.84391,0.00221364032870325,1053797.06686958,834.522743321309,7025.31377913055
4671.85391,0.0022176025105445,1054607.54696146,836.016450685065,7030.71697974309
4671.86391,0.00222156559213796,1055418.29481074,837.510497247418,7036.12196540493
4671.8739,0.00222552957348365,1056229.31041741,839.004883008366,7041.52873611604
4671.8839,0.00222949445458155,1057040.59378147,840.49960796791,7046.93729187644
4671.8939,0.00223346023543168,1057852.14490292,841.994672126052,7052.34763268611
4671.9039,0.00223742691603403,1058663.96378176,843.490075482789,7057.75975854506
4671.91389,0.00224139449638859,1059476.05041799,844.98581803812,7063.1736694533
4671.92389,0.00224536297649538,1060288.40481162,846.481899792047,7068.58936541082
4671.93389,0.00224933235635439,1061101.02696264,847.978320744572,7074.00684641762
4671.94389,0.00225330263596562,1061913.91687105,849.475080895692,7079.4261124737
4671.95388,0.00225727381532906,1062727.07453686,850.972180245407,7084.84716357907
4671.96388,0.00226124589444473,1063540.49996006,852.469618793718,7090.26999973372
4671.97388,0.00226521887331263,1064354.19314065,853.967396540627,7095.69462093764
4671.98387,0.00226919275193273,1065168.15407863,855.46551348613,7101.12102719085
4671.99387,0.00227316753030506,1065982.382774,856.963969630229,7106.54921849333
4672.00387,0.00227714320842962,1066796.87922677,858.462764972925,7111.97919484511
4672.01387,0.00228111978630639,1067611.64343692,859.961899514216,7117.41095624615
4672.02386,0.00228509726393538,1068426.67540447,861.461373254103,7122.84450269649
4672.03386,0.0022890756413166,1069241.97512942,862.961186192587,7128.27983419611
4672.04386,0.00229305491845003,1070057.54261175,864.461338329665,7133.716950745
4672.05386,0.00229703509533568,1070873.37785148,865.96182966534,7139.15585234319
4672.06385,0.00230101617197355,1071689.4808486,867.462660199611,7144.59653899064
4672.07385,0.00230499814836364,1072505.85160311,868.963829932476,7150.03901068738
4672.08385,0.00230898102450596,1073322.49011501,870.465338863937,7155.4832674334
4672.09385,0.00231296480040049,1074139.39638431,871.967186993997,7160.92930922871
4672.10384,0.00231694947604725,1074956.57041099,873.469374322651,7166.37713607329
4672.11384,0.00232093505144623,1075774.01219508,874.971900849901,7171.82674796717
4672.12384,0.00232492152659742,1076591.72173655,876.474766575746,7177.27814491031
4672.13384,0.00232890890150084,1077409.69903541,877.977971500188,7182.73132690274
4672.14383,0.00233289717615648,1078227.94409167,879.481515623227,7188.18629394445
4672.15383,0.00233688635056433,1079046.45690532,880.98539894486,7193.64304603544
4672.16383,0.00234087642472441,1079865.23747636,882.489621465089,7199.10158317572
4672.17383,0.00234486739863671,1080684.28580479,883.994183183915,7204.56190536528
4672.18382,0.00234885927230122,1081503.60189062,885.499084101335,7210.02401260412
4672.19382,0.00235285204571796,1082323.18573383,887.004324217353,7215.48790489223
4672.20382,0.00235684571888693,1083143.03733444,888.509903531967,7220.95358222962
4672.21381,0.0023608402918081,1083963.15669245,890.015822045175,7226.42104461631
4672.22381,0.0023648357644815,1084783.54380784,891.522079756979,7231.89029205227
4672.23381,0.00236883213690712,1085604.19868063,893.02867666738,7237.36132453752
4672.24381,0.00237282940908496,1086425.12131081,894.535612776376,7242.83414207204
4672.2538,0.00237682758101503,1087246.31169838,896.042888083969,7248.30874465585
4672.2638,0.00238082665269731,1088067.76984334,897.550502590157,7253.78513228893
4672.2738,0.00238482662413181,1088889.4957457,899.058456294941,7259.2633049713
4672.2838,0.00238882749531853,1089711.48940544,900.566749198322,7264.74326270295
4672.29379,0.00239282926625748,1090533.75082258,902.075381300298,7270.2250054839
4672.30379,0.00239683193694864,1091356.27999712,903.584352600869,7275.70853331411
4672.31379,0.00240083550739203,1092179.07692904,905.093663100038,7281.1938461936
4672.32379,0.00240483997758763,1093002.14161836,906.603312797801,7286.68094412237
4672.33378,0.00240884534753546,1093825.47406506,908.113301694161,7292.16982710043
4672.34378,0.0024128516172355,1094649.07426916,909.623629789116,7297.66049512776
4672.35378,0.00241685878668777,1095472.94223066,911.134297082667,7303.1529482044
4672.36378,0.00242086685589225,1096297.07794954,912.645303574813,7308.6471863303
4672.37377,0.00242487582484896,1097121.48142582,914.156649265558,7314.14320950548
4672.38377,0.00242888569355789,1097946.15265949,915.668334154897,7319.64101772993
4672.39377,0.00243289646201904,1098771.09165055,917.180358242833,7325.14061100369
4672.40377,0.0024369081302324,1099596.29839901,918.692721529362,7330.64198932671
4672.41376,0.002440920698198,1100421.77290485,920.205424014491,7336.14515269903
4672.42376,0.0024449341659158,1101247.51516809,921.718465698212,7341.65010112061
4672.43376,0.00244894853338583,1102073.52518872,923.231846580531,7347.15683459149
4672.44375,0.00245296380060808,1102899.80296675,924.745566661445,7352.66535311164
4672.45375,0.00245697996758255,1103726.34850216,926.259625940955,7358.17565668108
4672.46375,0.00246099703430924,1104553.16179497,927.774024419061,7363.6877452998
4672.47375,0.00246501500078815,1105380.24284517,929.288762095762,7369.20161896779
4672.48374,0.00246903386701928,1106207.59165276,930.803838971061,7374.71727768507
4672.49374,0.00247305363300263,1107035.20821774,932.319255044955,7380.23472145163
4672.50374,0.00247707429873821,1107863.09254012,933.835010317445,7385.75395026748
4672.51374,0.002481095864226,1108691.24461989,935.351104788531,7391.2749641326
4672.52373,0.00248511832946601,1109519.66445705,936.86753845821,7396.79776304701
4672.53373,0.00248914169445824,1110348.3520516,938.384311326489,7402.32234701069
4672.54373,0.0024931659592027,1111177.30740355,939.901423393362,7407.84871602366
4672.55373,0.00249719112369938,1112006.53051289,941.418874658833,7413.37687008591
4672.56372,0.00250121718794827,1112836.02137962,942.936665122896,7418.90680919745
4672.57372,0.00250524415194938,1113665.78000374,944.454794785556,7424.43853335825
4672.58372,0.00250927201570272,1114495.80638525,945.973263646815,7429.97204256835
4672.59372,0.00251330077920828,1115326.10052416,947.492071706667,7435.50733682772
4672.60371,0.00251733044246606,1116156.66242046,949.011218965117,7441.04441613638
4672.61371,0.00252136100547605,1116987.49207415,950.530705422161,7446.58328049432
4672.62371,0.00252539246823827,1117818.58948523,952.0505310778,7452.12392990152
4672.63371,0.00252942483075271,1118649.9546537,953.570695932037,7457.66636435803
4672.6437,0.00253345809301937,1119481.58757957,955.091199984869,7463.21058386383
4672.6537,0.00253749225503824,1120313.48826283,956.612043236297,7468.7565884189
4672.6637,0.00254152731680934,1121145.65670348,958.133225686321,7474.30437802322
4672.6737,0.00254556327833266,1121978.09290153,959.65474733494,7479.85395267685
4672.68369,0.0025496001396082,1122810.79685696,961.176608182156,7485.40531237976
4672.69369,0.00255363790063596,1123643.76856979,962.698808227967,7490.95845713196
4672.70369,0.00255767656141594,1124477.00804001,964.221347472374,7496.51338693342
4672.71368,0.00256171612194814,1125310.51526763,965.744225915379,7502.07010178418
4672.72368,0.00256575658223256,1126144.29025263,967.267443556977,7507.62860168421
4672.73368,0.00256979794226921,1126978.33299503,968.791000397172,7513.18888663352
4672.74368,0.00257384020205807,1127812.64349482,970.314896435965,7518.7509566321
4672.75367,0.00257788336159915,1128647.221752,971.839131673352,7524.31481168001
4672.76367,0.00258192742089246,1129482.06776657,973.363706109335,7529.88045177716
4672.77367,0.00258597237993798,1130317.18153854,974.888619743912,7535.44787692361
4672.78367,0.00259001823873573,1131152.5630679,976.413872577088,7541.01708711933
