Time,Velocity,Pressure,Gamma,Tau
3282.87546,0.00200599401922332,303477.38414521,47.2651205545278,8092.73024387228
3282.88546,0.00201196891357974,303802.907295727,47.4059006861487,8101.41086121938
3282.89546,0.00201800947182778,304128.591251025,47.5482279867658,8110.09576669401
3282.90545,0.00202411569396742,304454.436011105,47.6921024563789,8118.78496029615
3282.91545,0.00203028757999867,304780.441575968,47.8375240949882,8127.47844202581
3282.92545,0.00203652512992152,305106.607945612,47.9844929025934,8136.176211883
3282.93545,0.00204282834373598,305432.935120039,48.1330088791947,8144.8782698677
3282.94544,0.00204919722144205,305759.423099247,48.2830720247922,8153.58461597993
3282.95544,0.00205563176303972,306086.071883238,48.4346823393856,8162.29525021967
3282.96544,0.002062131968529,306412.88147201,48.5878398229752,8171.01017258693
3282.97544,0.00206869783790988,306739.851865564,48.7425444755608,8179.72938308172
3282.98543,0.00207532937118237,307066.983063901,48.8987962971425,8188.45288170403
3282.99543,0.00208202656834647,307394.27506702,49.0565952877202,8197.18066845386
3283.00543,0.00208878942940217,307721.72787492,49.215941447294,8205.9127433312
3283.01543,0.00209561795434948,308049.341487603,49.3768347758639,8214.64910633607
3283.02542,0.00210251214318839,308377.115905067,49.5392752734299,8223.38975746846
3283.03542,0.00210947199591891,308705.051127314,49.7032629399919,8232.13469672836
3283.04542,0.00211649751254104,309033.147154342,49.8687977755499,8240.8839241158
3283.05541,0.00212358869305477,309361.403986153,50.0358797801041,8249.63743963075
3283.06541,0.0021307455374601,309689.821622746,50.2045089536542,8258.39524327322
3283.07541,0.00213796804575705,310018.40006412,50.3746852962006,8267.1573350432
3283.08541,0.0021452562179456,310347.139310277,50.5464088077429,8275.92371494072
3283.0954,0.00215261005402575,310676.039361216,50.7196794882813,8284.69438296575
3283.1054,0.00216002955399752,311005.100216936,50.8944973378158,8293.4693391183
3283.1154,0.00216751471786088,311334.321877439,51.0708623563463,8302.24858339838
3283.1254,0.00217506554561586,311663.704342724,51.2487745438729,8311.03211580597
3283.13539,0.00218268203726244,311993.24761279,51.4282339003956,8319.81993634107
3283.14539,0.00219036419280062,312322.951687639,51.6092404259143,8328.61204500371
3283.15539,0.00219811201223042,312652.81656727,51.7917941204292,8337.40844179386
3283.16539,0.00220592549555182,312982.842251683,51.97589498394,8346.20912671154
3283.17538,0.00221380464276482,313313.028740878,52.161543016447,8355.01409975673
3283.18538,0.00222174945386943,313643.376034855,52.34873821795,8363.82336092945
3283.19538,0.00222975992886564,313973.884133613,52.537480588449,8372.63691022968
3283.20538,0.00223783606775347,314304.553037154,52.7277701279442,8381.45474765744
3283.21537,0.0022459778705329,314635.382745477,52.9196068364355,8390.27687321272
3283.22537,0.00225418533720393,314966.373258582,53.1129907139227,8399.10328689552
3283.23537,0.00226245846776657,315297.524576469,53.3079217604061,8407.93398870583
3283.24537,0.00227079726222082,315628.836699138,53.5043999758855,8416.76897864367
3283.25536,0.00227920172056667,315960.309626588,53.702425360361,8425.60825670903
3283.26536,0.00228767184280413,316291.943358821,53.9019979138325,8434.45182290191
3283.27536,0.00229620762893319,316623.737895837,54.1031176363001,8443.29967722231
3283.28536,0.00230480907895386,316955.693237633,54.3057845277638,8452.15181967022
3283.29535,0.00231347619286614,317287.809384212,54.5099985882236,8461.00825024566
3283.30535,0.00232220897067002,317620.086335574,54.7157598176794,8469.86896894863
3283.31535,0.00233100741236551,317952.524091716,54.9230682161313,8478.7339757791
3283.32534,0.0023398715179526,318285.122652641,55.1319237835792,8487.6032707371
3283.33534,0.00234880128743131,318617.882018348,55.3423265200233,8496.47685382263
3283.34534,0.00235779672080161,318950.802188838,55.5542764254634,8505.35472503567
3283.35534,0.00236685781806352,319283.883164109,55.7677734998995,8514.23688437624
3283.36533,0.00237598457921704,319617.124944162,55.9828177433317,8523.12333184432
3283.37533,0.00238517700426217,319950.527528997,56.19940915576,8532.01406743992
3283.38533,0.0023944350931989,320284.090918614,56.4175477371844,8540.90909116305
3283.39533,0.00240375884602724,320617.815113013,56.6372334876048,8549.80840301369
3283.40532,0.00241314826274718,320951.700112195,56.8584664070213,8558.71200299186
3283.41532,0.00242260334335872,321285.745916158,57.0812464954338,8567.61989109754
3283.42532,0.00243212408786188,321619.952524903,57.3055737528425,8576.53206733075
3283.43532,0.00244171049625664,321954.31993843,57.5314481792472,8585.44853169147
3283.44531,0.00245136256854301,322288.848156739,57.7588697746479,8594.36928417972
3283.45531,0.00246108030472098,322623.537179831,57.9878385390447,8603.29432479548
3283.46531,0.00247086370479056,322958.387007704,58.2183544724376,8612.22365353877
3283.47531,0.00248071276875175,323293.397640359,58.4504175748266,8621.15727040958
3283.4853,0.00249062749660454,323628.569077797,58.6840278462116,8630.09517540791
3283.4953,0.00250060788834893,323963.901320016,58.9191852865926,8639.03736853375
3283.5053,0.00251065394398493,324299.394367017,59.1558898959698,8647.98384978712
3283.5153,0.00252076566351255,324635.048218801,59.3941416743431,8656.93461916802
3283.52529,0.00253094304693176,324970.862875366,59.6339406217124,8665.88967667643
3283.53529,0.00254118609424258,325306.838336713,59.8752867380777,8674.84902231235
3283.54529,0.00255149480544501,325642.974602843,60.1181800234392,8683.8126560758
3283.55528,0.00256186918053904,325979.271673754,60.3626204777966,8692.78057796678
3283.56528,0.00257230921952468,326315.729549448,60.6086081011502,8701.75278798527
3283.57528,0.00258281492240193,326652.348229923,60.8561428934999,8710.72928613128
3283.58528,0.00259338628917078,326989.127715181,61.1052248548455,8719.71007240482
3283.59527,0.00260402331983123,327326.06800522,61.3558539851873,8728.69514680587
3283.60527,0.0026147260143833,327663.169100042,61.6080302845251,8737.68450933444
3283.61527,0.00262549437282696,328000.430999645,61.861753752859,8746.67815999054
3283.62527,0.00263632839516224,328337.853704031,62.117024390189,8755.67609877415
3283.63526,0.00264722808138912,328675.437213198,62.373842196515,8764.67832568528
3283.64526,0.00265819343150761,329013.181527148,62.6322071718371,8773.68484072394
3283.65526,0.0026692244455177,329351.086645879,62.8921193161552,8782.69564389012
3283.66526,0.0026803211234194,329689.152569393,63.1535786294695,8791.71073518381
3283.67525,0.00269148346521271,330027.379297689,63.4165851117798,8800.73011460503
3283.68525,0.00270271147089762,330365.766830766,63.6811387630861,8809.75378215377
3283.69525,0.00271400514047414,330704.315168626,63.9472395833886,8818.78173783002
3283.70525,0.00272536447394226,331043.024311268,64.2148875726871,8827.8139816338
3283.71524,0.00273678947130199,331381.894258691,64.4840827309817,8836.8505135651
3283.72524,0.00274828013255332,331720.925010897,64.7548250582722,8845.89133362392
3283.73524,0.00275983645769627,332060.116567885,65.027114554559,8854.93644181025
3283.74524,0.00277145844673081,332399.468929654,65.3009512198417,8863.98583812411
3283.75523,0.00278314609965697,332738.982096206,65.5763350541206,8873.0395225655
3283.76523,0.00279489941647472,333078.65606754,65.8532660573954,8882.09749513439
3283.77523,0.00280671839718409,333418.490843656,66.1317442296664,8891.15975583081
3283.78522,0.00281860304178506,333758.486424553,66.4117695709335,8900.22630465476
3283.79522,0.00283055335027764,334098.642810233,66.6933420811966,8909.29714160622
3283.80522,0.00284256932266182,334438.960000695,66.9764617604557,8918.3722666852
3283.81522,0.00285465095893761,334779.437995939,67.261128608711,8927.4516798917
3283.82521,0.00286679825910501,335120.076795965,67.5473426259623,8936.53538122573
3283.83521,0.00287901122316401,335460.876400772,67.8351038122097,8945.62337068727
3283.84521,0.00289128985111462,335801.836810362,68.1244121674531,8954.71564827633
3283.85521,0.00290363414295683,336142.958024735,68.4152676916926,8963.81221399292
3283.8652,0.00291604409869065,336484.240043888,68.7076703849281,8972.91306783702
3283.8752,0.00292851971831608,336825.682867824,69.0016202471598,8982.01820980865
3283.8852,0.00294106100183311,337167.286496543,69.2971172783875,8991.1276399078
3283.8952,0.00295366794924175,337509.050930042,69.5941614786113,9000.24135813447
3283.90519,0.00296634056054199,337850.976168324,69.8927528478311,9009.35936448865
3283.91519,0.00297907883573384,338193.062211388,70.1928913860471,9018.48165897035
3283.92519,0.0029918827748173,338535.309059234,70.494577093259,9027.60824157958
3283.93519,0.00300475237779236,338877.716711862,70.797809969467,9036.73911231633
3283.94518,0.00301768764465903,339220.285169272,71.1025900146711,9045.8742711806
3283.95518,0.0030306885754173,339563.014431464,71.4089172288714,9055.01371817238
3283.96518,0.00304375517006718,339905.904498439,71.7167916120676,9064.1574532917
3283.97518,0.00305688742860867,340248.955370195,72.0262131642599,9073.30547653852
3283.98517,0.00307008535104176,340592.167046733,72.3371818854483,9082.45778791288
3283.99517,0.00308334893736646,340935.539528053,72.6496977756326,9091.61438741475
3284.00517,0.00309667818758276,341279.072814155,72.9637608348132,9100.77527504413
3284.01517,0.00311007310169067,341622.766905039,73.2793710629898,9109.94045080105
3284.02516,0.00312353367969019,341966.621800706,73.5965284601624,9119.10991468548
3284.03516,0.00313705992158131,342310.637501154,73.9152330263311,9128.28366669744
3284.04516,0.00315065182736404,342654.814006384,74.2354847614959,9137.4617068369
3284.05515,0.00316430939703837,342999.151316396,74.5572836656568,9146.6440351039
3284.06515,0.00317803263060431,343343.64943119,74.8806297388137,9155.83065149841
3284.07515,0.00319182152806186,343688.308350767,75.2055229809666,9165.02155602044
3284.08515,0.00320567608941101,344033.128075125,75.5319633921157,9174.21674867
3284.09514,0.00321959631465177,344378.108604265,75.8599509722608,9183.41622944708
3284.10514,0.00323358220378414,344723.249938188,76.189485721402,9192.61999835167
3284.11514,0.0032476337568081,345068.552076892,76.5205676395392,9201.82805538378
3284.12514,0.00326175097372368,345414.015020378,76.8531967266725,9211.04040054342
3284.13513,0.00327593385453087,345759.638768647,77.1873729828019,9220.25703383058
3284.14513,0.00329018239922965,346105.423321697,77.5230964079274,9229.47795524525
3284.15513,0.00330449660782005,346451.368679529,77.8603670020489,9238.70316478745
3284.16513,0.00331887648030205,346797.474842144,78.1991847651665,9247.93266245717
3284.17512,0.00333332201667565,347143.74180954,78.5395496972801,9257.16644825441
3284.18512,0.00334783321694086,347490.169581719,78.8814617983898,9266.40452217917
3284.19512,0.00336241008109768,347836.758158679,79.2249210684955,9275.64688423145
3284.20512,0.00337705260914611,348183.507540422,79.5699275075975,9284.89353441125
3284.21511,0.00339176080108614,348530.417726946,79.9164811156954,9294.14447271857
3284.22511,0.00340653465691777,348877.488718253,80.2645818927893,9303.39969915341
3284.23511,0.00342137417664102,349224.720514341,80.6142298388794,9312.65921371577
3284.24511,0.00343627936025587,349572.113115212,80.9654249539656,9321.92301640565
3284.2551,0.00345125020776232,349919.666520864,81.3181672380476,9331.19110722305
3284.2651,0.00346628671916038,350267.380731299,81.672456691126,9340.46348616797
3284.2751,0.00348138889445005,350615.255746516,82.0282933132003,9349.74015324041
3284.28509,0.00349655673363132,350963.291566514,82.3856771042706,9359.02110844038
3284.29509,0.0035117902367042,351311.488191295,82.7446080643371,9368.30635176786
3284.30509,0.00352708940366869,351659.845620857,83.1050861933996,9377.59588322286
3284.31509,0.00354245423452478,352008.363855202,83.4671114914583,9386.88970280539
3284.32508,0.00355788472927248,352357.042894329,83.8306839585129,9396.18781051544
3284.33508,0.00357338088791178,352705.882738238,84.1958035945636,9405.490206353
3284.34508,0.00358894271044269,353054.883386928,84.5624703996104,9414.79689031809
3284.35508,0.0036045701968652,353404.044840401,84.9306843736532,9424.10786241069
3284.36507,0.00362026334717932,353753.367098656,85.3004455166922,9433.42312263083
3284.37507,0.00363602216138505,354102.850161692,85.6717538287272,9442.74267097846
3284.38507,0.00365184663948238,354452.494029511,86.0446093097582,9452.06650745364
3284.39507,0.00366773678147132,354802.298702112,86.4190119597854,9461.39463205632
3284.40506,0.00368369258735187,355152.264179495,86.7949617788086,9470.72704478653
3284.41506,0.00369971405712402,355502.39046166,87.1724587668278,9480.06374564426
3284.42506,0.00371580119078777,355852.677548607,87.5515029238431,9489.40473462951
3284.43506,0.00373195398834314,356203.125440335,87.9320942498545,9498.75001174228
3284.44505,0.00374817244979011,356553.734136846,88.3142327448619,9508.09957698257
3284.45505,0.00376445657512868,356904.503638139,88.6979184088654,9517.45343035038
3284.46505,0.00378080636435886,357255.433944214,89.083151241865,9526.81157184571
3284.47505,0.00379722181748065,357606.525055071,89.4699312438608,9536.17400146856
3284.48504,0.00381370293449405,357957.77697071,89.8582584148525,9545.54071921893
3284.49504,0.00383024971539904,358309.189691131,90.2481327548402,9554.91172509682
3284.50504,0.00384686216019565,358660.763216334,90.6395542638241,9564.28701910224
3284.51504,0.00386354026888386,359012.497546319,91.032522941804,9573.66660123517
3284.52503,0.00388028404146368,359364.392681086,91.42703878878,9583.05047149562
3284.53503,0.00389709347793511,359716.448620635,91.8231018047522,9592.43862988359
3284.54503,0.00391396857829813,360068.665364966,92.2207119897202,9601.8310763991
3284.55502,0.00393090934255277,360421.042914079,92.6198693436844,9611.22781104211
3284.56502,0.00394791577069901,360773.581267974,93.0205738666446,9620.62883381264
3284.57502,0.00396498786273685,361126.280426651,93.4228255586009,9630.0341447107
3284.58502,0.00398212561866631,361479.14039011,93.8266244195534,9639.44374373628
3284.59501,0.00399932903848737,361832.161158351,94.2319704495019,9648.85763088937
3284.60501,0.00401659812220003,362185.342731375,94.6388636484464,9658.27580616999
3284.61501,0.00403393286980431,362538.68510918,95.047304016387,9667.69826957812
3284.62501,0.00405133328130018,362892.188291767,95.4572915533236,9677.12502111378
3284.635,0.00406879935668767,363245.852279136,95.8688262592564,9686.55606077696
3284.645,0.00408633109596676,363599.677071287,96.2819081341852,9695.99138856766
3284.655,0.00410392849913745,363953.662668221,96.6965371781101,9705.43100448588
3284.665,0.00412159156619975,364307.809069936,97.1127133910309,9714.87490853162
3284.67499,0.00413932029715366,364662.116276433,97.530436772948,9724.32310070488
3284.68499,0.00415711469199917,365016.584287712,97.949707323861,9733.77558100567
3284.69499,0.0041749747507363,365371.213103774,98.3705250437702,9743.23234943396
3284.70499,0.00419290047336502,365726.002724617,98.7928899326754,9752.69340598979
3284.71498,0.00421089185988535,366080.953150242,99.2168019905766,9762.15875067313
3284.72498,0.00422894891029729,366436.06438065,99.6422612174739,9771.62838348399
3284.73498,0.00424707162460084,366791.336415839,100.069267613367,9781.10230442237
3284.74498,0.00426526000279598,367146.769255811,100.497821178257,9790.58051348828
3284.75497,0.00428351404488274,367502.362900564,100.927921912142,9800.0630106817
3284.76497,0.00430183375086111,367858.117350099,101.359569815024,9809.54979600264
3284.77497,0.00432021912073107,368214.032604416,101.792764886902,9819.04086945111
3284.78496,0.00433867015449264,368570.108663516,102.227507127775,9828.53623102709
3284.79496,0.00435718685214582,368926.345527397,102.663796537645,9838.0358807306
3284.80496,0.00437576921369061,369282.743196061,103.101633116511,9847.53981856162
3284.81496,0.004394417239127,369639.301669506,103.541016864373,9857.04804452016
3284.82495,0.004413130928455,369996.020947734,103.981947781231,9866.56055860623
3284.83495,0.0044319102816746,370352.901030743,104.424425867085,9876.07736081982
3284.84495,0.00445075529878582,370709.941918535,104.868451121935,9885.59845116093
3284.85495,0.00446966597978864,371067.143611108,105.314023545782,9895.12382962955
3284.86494,0.00448047272529366,371505.447233571,105.56865148794,9906.81192622855
3284.87494,0.0045005303938087,371904.067170765,106.041249168352,9917.4417912204
3284.88494,0.00451959526124755,372263.498183038,106.490454524509,9927.02661821435
3284.89494,0.00453872758467394,372623.059413356,106.941249274928,9936.61491768948
3284.90493,0.00455792736408788,372982.750861717,107.393633419608,9946.2066896458
3284.91493,0.00457719459948935,373342.572528124,107.84760695855,9955.80193408331
3284.92493,0.00459652929087837,373702.524412575,108.303169891753,9965.40065100199
3284.93493,0.00461593143825492,374062.606515069,108.760322219219,9975.00284040185
3284.94492,0.00463540104161902,374422.818835609,109.219063940946,9984.60850228291
3284.95492,0.00465493810097066,374783.161374193,109.679395056935,9994.21763664514
3284.96492,0.00467454261630984,375143.634130821,110.141315567186,10003.8302434886
3284.97492,0.00469421458763656,375504.237105493,110.604825471698,10013.4463228132
3284.98491,0.00471395401495082,375864.97029821,111.069924770472,10023.0658746189
3284.99491,0.00473376089825262,376225.833708971,111.536613463508,10032.6888989059
3285.00491,0.00475363523754197,376586.827337776,112.004891550806,10042.315395674
3285.0149,0.00477357703281885,376947.951184626,112.474759032365,10051.9453649234
3285.0249,0.00479358628408328,377309.20524952,112.946215908186,10061.5788066539
3285.0349,0.00481366299133524,377670.589532459,113.419262178269,10071.2157208656
3285.0449,0.00483380715457475,378032.104033442,113.893897842614,10080.8561075584
3285.05489,0.0048540187738018,378393.748752469,114.37012290122,10090.4999667325
3285.06489,0.00487429784901639,378755.523689541,114.847937354088,10100.1472983878
3285.07489,0.00489464438021852,379117.428844656,115.327341201218,10109.7981025242
3285.08489,0.00491505836740818,379479.464217817,115.808334442609,10119.4523791418
3285.09488,0.0049355398105854,379841.629809021,116.290917078263,10129.1101282406
3285.10488,0.00495608870975015,380203.92561827,116.775089108178,10138.7713498205
3285.11488,0.00497670506490245,380566.351645564,117.260850532355,10148.4360438817
3285.12488,0.00499738887604228,380928.907890901,117.748201350793,10158.104210424
3285.13487,0.00501814014316966,381291.594354283,118.237141563494,10167.7758494476
3285.14487,0.00503895886628457,381654.41103571,118.727671170456,10177.4509609523
3285.15487,0.00505984504538703,382017.357935181,119.219790171679,10187.1295449381
3285.16487,0.00508079868047703,382380.435052695,119.713498567165,10196.8116014052
3285.17486,0.00510181977155457,382743.642388255,120.208796356912,10206.4971303535
3285.18486,0.00512290831861965,383106.979941858,120.705683540921,10216.1861317829
3285.19486,0.00514406432167227,383470.447713507,121.204160119192,10225.8786056935
3285.20486,0.00516528778071243,383834.045703199,121.704226091725,10235.5745520853
3285.21485,0.00518657869574014,384197.773910936,122.205881458519,10245.2739709583
3285.22485,0.00520793706675538,384561.632336717,122.709126219575,10254.9768623125
3285.23485,0.00522936289375817,384925.620980542,123.213960374893,10264.6832261478
3285.24485,0.00525085617674849,385289.739842412,123.720383924472,10274.3930624643
3285.25484,0.00527241691572636,385653.988922326,124.228396868314,10284.106371262
3285.26484,0.00529404511069177,386018.368220285,124.737999206417,10293.8231525409
3285.27484,0.00531574076164472,386382.877736288,125.249190938781,10303.543406301
3285.28483,0.00533750386858521,386747.517470335,125.761972065408,10313.2671325423
3285.29483,0.00535933443151324,387112.287422427,126.276342586296,10322.9943312647
3285.30483,0.00538123245042881,387477.187592563,126.792302501446,10332.7250024683
3285.31483,0.00540319792533193,387842.217980743,127.309851810858,10342.4591461532
3285.32482,0.00542523085622258,388207.378586968,127.828990514531,10352.1967623191
3285.33482,0.00544733124310078,388572.669411237,128.349718612467,10361.9378509663
3285.34482,0.00546949908596651,388938.09045355,128.872036104664,10371.6824120947
3285.35482,0.00549173438481979,389303.641713908,129.395942991122,10381.4304457042
3285.36481,0.0055140371396606,389669.32319231,129.921439271843,10391.1819517949
3285.37481,0.00553640735048896,390035.134888756,130.448524946825,10400.9369303668
3285.38481,0.00555884501730486,390401.076803247,130.977200016069,10410.6953814199
3285.39481,0.00558135014010831,390767.148935782,131.507464479575,10420.4573049542
3285.4048,0.00560392271889929,391133.351286362,132.039318337342,10430.2227009696
3285.4148,0.00562656275367781,391499.683854986,132.572761589371,10439.9915694663
3285.4248,0.00564927024444388,391866.146641654,133.107794235662,10449.7639104441
3285.4348,0.00567204519119748,392232.739646366,133.644416276215,10459.5397239031
3285.44479,0.00569488759393863,392599.462869123,134.182627711029,10469.3190098433
3285.45479,0.00571779745266731,392966.316309924,134.722428540105,10479.1017682646
3285.46479,0.00574077476738354,393333.29996877,135.263818763443,10488.8879991672
3285.47479,0.00576381953808731,393700.413845659,135.806798381043,10498.6777025509
3285.48478,0.00578693176477862,394067.657940594,136.351367392904,10508.4708784158
3285.49478,0.00581011144745747,394435.032253572,136.897525799028,10518.2675267619
3285.50478,0.00583335858612386,394802.536784595,137.445273599412,10528.0676475892
3285.51477,0.00585667318077779,395170.171533663,137.994610794059,10537.8712408977
3285.52477,0.00588005523141926,395537.936500774,138.545537382967,10547.6783066873
3285.53477,0.00590350473804828,395905.83168593,139.098053366138,10557.4888449581
3285.54477,0.00592702170066484,396273.857089131,139.652158743569,10567.3028557102
3285.55476,0.00595060611926893,396642.012710376,140.207853515263,10577.1203389434
3285.56476,0.00597425799386057,397010.298549664,140.765137681218,10586.9412946577
3285.57476,0.00599797732443975,397378.714606998,141.324011241435,10596.7657228533
3285.58476,0.00602176411100647,397747.260882376,141.884474195914,10606.59362353
3285.59475,0.00604561835356073,398115.937375798,142.446526544655,10616.4249966879
3285.60475,0.00606954005210253,398484.744087264,143.010168287657,10626.2598423271
3285.61475,0.00609352920663187,398853.681016775,143.575399424921,10636.0981604473
3285.62475,0.00611758581714875,399222.74816433,144.142219956447,10645.9399510488
3285.63474,0.00614170988365318,399591.94552993,144.710629882235,10655.7852141315
3285.64474,0.00616590140614514,399961.273113573,145.280629202284,10665.6339496953
3285.65474,0.00619016038462465,400330.730915261,145.852217916595,10675.4861577403
3285.66474,0.0062144868190917,400700.318934994,146.425396025168,10685.3418382665
3285.67473,0.00623888070954628,401070.037172771,147.000163528003,10695.2009912739
3285.68473,0.00626334205598842,401439.885628593,147.576520425099,10705.0636167625
3285.69473,0.00628787085841808,401809.864302458,148.154466716457,10714.9297147322
3285.70473,0.00631246711683529,402179.973194368,148.734002402077,10724.7992851831
3285.71472,0.00633713083124005,402550.212304322,149.315127481958,10734.6723281153
3285.72472,0.00636186200163234,402920.581632321,149.897841956102,10744.5488435286
3285.73472,0.00638666062801218,403291.081178364,150.482145824507,10754.428831423
3285.74471,0.00641152671037955,403661.710942451,151.068039087173,10764.3122917987
3285.75471,0.00643646024873446,404032.470924583,151.655521744102,10774.1992246555
3285.76471,0.00646146124307692,404403.361124759,152.244593795292,10784.0896299936
3285.77471,0.00648652969340691,404774.381542979,152.835255240744,10793.9835078128
3285.7847,0.00651166559972446,405145.532179244,153.427506080458,10803.8808581132
3285.7947,0.00653686896202954,405516.813033553,154.021346314433,10813.7816808947
3285.8047,0.00656213978032216,405888.224105907,154.616775942671,10823.6859761575
3285.8147,0.00658747805460232,406259.765396304,155.21379496517,10833.5937439015
3285.82469,0.00661288378487002,406631.436904746,155.81240338193,10843.5049841266
3285.83469,0.00663835697112527,407003.238631233,156.412601192953,10853.4196968329
3285.84469,0.00666389761336805,407375.170575764,157.014388398237,10863.3378820204
3285.85469,0.00668950571159838,407747.232738339,157.617764997783,10873.259539689
3285.86468,0.00671518126581624,408119.425118958,158.222730991591,10883.1846698389
3285.87468,0.00674092427602165,408491.747717622,158.82928637966,10893.1132724699
3285.88468,0.0067667347422146,408864.200534331,159.437431161991,10903.0453475822
3285.89468,0.00679261266439509,409236.783569083,160.047165338585,10912.9808951756
3285.90467,0.00681855804256312,409609.496821881,160.658488909439,10922.9199152502
3285.91467,0.00684457087671869,409982.340292721,161.271401874556,10932.8624078059
3285.92467,0.0068706511668618,410355.313981607,161.885904233934,10942.8083728429
3285.93467,0.00689679891299245,410728.417888537,162.501995987574,10952.757810361
3285.94466,0.00692301411511065,411101.652013511,163.119677135475,10962.7107203603
3285.95466,0.00694929677321638,411475.016356531,163.738947677639,10972.6671028408
3285.96466,0.00697564688730966,411848.510917593,164.359807614064,10982.6269578025
3285.97466,0.00700206445739048,412222.135696701,164.982256944751,10992.5902852453
3285.98465,0.00702854948345884,412595.890693853,165.6062956697,11002.5570851694
3285.99465,0.00705510196551473,412969.775909048,166.23192378891,11012.5273575746
3286.00465,0.00708172190355817,413343.791342289,166.859141302382,11022.501102461
3286.01464,0.00710840929758916,413717.936993574,167.487948210116,11032.4783198286
3286.02464,0.00713516414760768,414092.212862903,168.118344512112,11042.4590096774
3286.03464,0.00716198645361375,414466.618950276,168.750330208369,11052.4431720074
3286.04464,0.00718887621560734,414841.155255694,169.383905298888,11062.4308068185
3286.05463,0.00721583343358849,415215.821779156,170.019069783669,11072.4219141108
3286.06463,0.00724285810755718,415590.618520663,170.655823662712,11082.4164938843
3286.07463,0.0072699502375134,415965.545480214,171.294166936016,11092.414546139
3286.08463,0.00729710982345717,416340.602657809,171.934099603582,11102.4160708749
3286.09462,0.00732433686538848,416715.790053449,172.57562166541,11112.421068092
3286.10462,0.00735163136330733,417091.107667133,173.2187331215,11122.4295377902
3286.11462,0.00737899331721372,417466.555498861,173.863433971851,11132.4414799696
3286.12462,0.00740642272710765,417842.133548633,174.509724216464,11142.4568946302
3286.13461,0.00743391959298912,418217.841816451,175.157603855339,11152.475781772
3286.14461,0.00746148391485814,418593.680302312,175.807072888476,11162.498141395
3286.15461,0.00748911569271469,418969.649006217,176.458131315874,11172.5239734991
3286.16461,0.00751681492655878,419345.747928168,177.110779137534,11182.5532780845
3286.1746,0.00754458161639042,419721.977068162,177.765016353456,11192.586055151
3286.1846,0.0075724157622096,420098.336426201,178.420842963639,11202.6223046987
3286.1946,0.00760031736401632,420474.826002284,179.078258968085,11212.6620267276
3286.2046,0.00762828642181058,420851.445796411,179.737264366792,11222.7052212376
3286.21459,0.00765632293559238,421228.195808583,180.39785915976,11232.7518882289
3286.22459,0.00768442690536173,421605.076038799,181.060043346991,11242.8020277013
3286.23459,0.0077125983311186,421982.08648706,181.723816928483,11252.8556396549
3286.24458,0.00774083721286303,422359.227153364,182.389179904237,11262.9127240897
3286.25458,0.00776914355059499,422736.498037714,183.056132274253,11272.9732810057
3286.26458,0.0077975173443145,423113.899140107,183.724674038531,11283.0373104029
3286.27458,0.00782595859402155,423491.430460546,184.39480519707,11293.1048122812
3286.28457,0.00785446729971613,423869.091999027,185.066525749871,11303.1757866407
3286.29457,0.00788304346139825,424246.883755554,185.739835696934,11313.2502334814
3286.30457,0.00791168707906792,424624.805730125,186.414735038258,11323.3281528033
3286.31457,0.00794039815272513,425002.85792274,187.091223773844,11333.4095446064
3286.32456,0.00796917668236989,425381.0403334,187.769301903692,11343.4944088907
3286.33456,0.00799802266800217,425759.352962104,188.448969427802,11353.5827456561
3286.34456,0.00802693610962201,426137.795808852,189.130226346174,11363.6745549027
3286.35456,0.00805591700722939,426516.368873645,189.813072658807,11373.7698366305
3286.36455,0.0080849653608243,426895.072156482,190.497508365702,11383.8685908395
3286.37455,0.00811408117040677,427273.905657363,191.183533466859,11393.9708175297
3286.38455,0.00814326443597676,427652.869376289,191.871147962277,11404.076516701
3286.39455,0.00817251515753429,428031.963313259,192.560351851957,11414.1856883536
3286.40454,0.00820183333507938,428411.187468274,193.251145135899,11424.2983324873
3286.41454,0.00823121896861199,428790.541841332,193.943527814103,11434.4144491022
3286.42454,0.00826067205813215,429170.026432436,194.637499886568,11444.5340381983
3286.43454,0.00829019260363986,429549.641241583,195.333061353296,11454.6570997755
3286.44453,0.00831978060513509,429929.386268775,196.030212214284,11464.783633834
3286.45453,0.00834943606261788,430309.261514011,196.728952469535,11474.9136403736
3286.46453,0.0083791589760882,430689.266977291,197.429282119048,11485.0471193944
3286.47452,0.00840894934554607,431069.402658616,198.131201162822,11495.1840708964
3286.48452,0.00843880717099148,431449.668557986,198.834709600858,11505.3244948796
3286.49452,0.00846873245242442,431830.064675399,199.539807433155,11515.468391344
3286.50452,0.00849872518984491,432210.591010857,200.246494659715,11525.6157602895
3286.51451,0.00852878538325295,432591.247564359,200.954771280536,11535.7666017163
3286.52451,0.00855891303264851,432972.034335906,201.664637295619,11545.9209156242
3286.53451,0.00858910813803162,433352.951325497,202.376092704963,11556.0787020132
3286.54451,0.00861937069940227,433733.998533132,203.08913750857,11566.2399608835
3286.5545,0.00864970071676047,434115.175958812,203.803771706438,11576.404692235
3286.5645,0.0086800981901062,434496.483602536,204.519995298568,11586.5728960676
3286.5745,0.00871056311943947,434877.921464304,205.237808284959,11596.7445723814
3286.5845,0.00874109550476029,435259.489544117,205.957210665613,11606.9197211765
3286.59449,0.00877169534606864,435641.187841974,206.678202440528,11617.0983424527
3286.60449,0.00880236264336454,436023.016357876,207.400783609704,11627.28043621
3286.61449,0.008833097396648,436404.975091821,208.124954173144,11637.4660024486
3286.62449,0.00886389960591897,436787.064043812,208.850714130844,11647.6550411683
3286.63448,0.0088947692711775,437169.283213846,209.578063482806,11657.8475523692
3286.64448,0.00892570639242355,437551.632601925,210.30700222903,11668.0435360513
3286.65448,0.00895671096965716,437934.112208048,211.037530369515,11678.2429922146
3286.66448,0.0089877830028783,438316.722032215,211.769647904263,11688.4459208591
3286.67447,0.00901892249208699,438699.462074428,212.503354833272,11698.6523219847
3286.68447,0.0090501294372832,439082.332334684,213.238651156542,11708.8621955916
3286.69447,0.00908140383846699,439465.332812984,213.975536874075,11719.0755416796
3286.70447,0.00911274569563829,439848.463509329,214.714011985869,11729.2923602488
3286.71446,0.00914415500879714,440231.724423719,215.454076491926,11739.5126512992
3286.72446,0.00917563177794352,440615.115556152,216.195730392243,11749.7364148307
3286.73446,0.00920717600307746,440998.636906631,216.938973686823,11759.9636508435
3286.74445,0.00923878768419893,441382.288475153,217.683806375664,11770.1943593374
3286.75445,0.00927046682130795,441766.070261719,218.430228458767,11780.4285403125
3286.76445,0.00930221341440448,442149.98226633,219.178239936132,11790.6661937688
3286.77445,0.00933402746348859,442534.024488985,219.927840807758,11800.9073197063
3286.78444,0.00936590896856023,442918.196929684,220.679031073647,11811.1519181249
3286.79444,0.0093978579296194,443302.499588429,221.431810733797,11821.3999890248
3286.80444,0.00942987434666613,443686.932465218,222.186179788209,11831.6515324058
3286.81444,0.00946195821970039,444071.49556005,222.942138236882,11841.906548268
3286.82443,0.00949410954872217,444456.188872928,223.699686079817,11852.1650366114
3286.83443,0.00952632833373151,444841.012403849,224.458823317014,11862.426997436
3286.84443,0.00955861457472841,445225.966152816,225.219549948473,11872.6924307417
3286.85443,0.00959096827171284,445611.050119826,225.981865974194,11882.9613365287
