Time,Velocity,Pressure,Gamma,Tau
3436.53546,0.00101275893845342,269430.714749854,23.86257030677,7184.81905999612
3436.54546,0.00101631001359139,269858.604834429,23.9462405435134,7196.22946225143
3436.55546,0.00101989433628473,270285.956093523,24.0306941573246,7207.62549582727
3436.56546,0.00102351190653345,270712.768527136,24.1159311482038,7219.00716072363
3436.57545,0.00102716272433755,271139.042135269,24.2019515161508,7230.37445694051
3436.58545,0.00103084678969702,271564.776917922,24.2887552611658,7241.72738447791
3436.59545,0.00103456410261187,271989.972875094,24.3763423832488,7253.06594333584
3436.60545,0.0010383146630821,272414.630006786,24.4647128823997,7264.39013351429
3436.61544,0.00104209847110771,272838.748312997,24.5538667586185,7275.69995501325
3436.62544,0.00104591552668869,273262.327793727,24.6438040119052,7286.99540783273
3436.63544,0.00104976582982505,273685.368448978,24.7345246422599,7298.27649197274
3436.64544,0.00105364938051679,274107.870278747,24.8260286496825,7309.54320743326
3436.65543,0.00105756617876391,274529.833283037,24.918316034173,7320.79555421431
3436.66543,0.00106151622456641,274951.257461846,25.0113867957315,7332.03353231588
3436.67543,0.00106549951792428,275372.142815174,25.1052409343578,7343.25714173798
3436.68542,0.00106951605883753,275792.489343022,25.1998784500521,7354.46638248058
3436.69542,0.00107356584730615,276212.297045389,25.2952993428144,7365.66125454372
3436.70542,0.00107764888333016,276631.565922277,25.3915036126445,7376.84175792738
3436.71542,0.00108176516690954,277050.295973683,25.4884912595426,7388.00789263155
3436.72541,0.0010859146980443,277468.487199609,25.5862622835087,7399.15965865625
3436.73541,0.00109009747673444,277886.139600055,25.6848166845426,7410.29705600146
3436.74541,0.00109431350297996,278303.25317502,25.7841544626446,7421.4200846672
3436.75541,0.00109856277678085,278719.827924505,25.8842756178144,7432.52874465346
3436.7654,0.00110284529813712,279135.863848509,25.9851801500521,7443.62303596024
3436.7754,0.00110716106704877,279551.360947033,26.0868680593578,7454.70295858754
3436.7854,0.00111151008351579,279966.319220076,26.1893393457314,7465.76851253536
3436.7954,0.00111589234753819,280380.738667639,26.292594009173,7476.81969780371
3436.80539,0.00112030785911597,280794.619289721,26.3966320496824,7487.85651439257
3436.81539,0.00112475661824913,281207.961086323,26.5014534672598,7498.87896230196
3436.82539,0.00112923862493767,281620.764057445,26.6070582619052,7509.88704153186
3436.83539,0.00113375387918158,282033.028203086,26.7134464336184,7520.88075208229
3436.84538,0.00113830238098087,282444.753523247,26.8206179823996,7531.86009395324
3436.85538,0.00114288413033554,282855.940017927,26.9285729082487,7542.82506714472
3436.86538,0.00114749912724559,283266.587687126,27.0373112111658,7553.7756716567
3436.87538,0.00115214737171101,283676.696530846,27.1468328911508,7564.71190748922
3436.88537,0.00115682886373181,284086.266549084,27.2571379482037,7575.63377464225
3436.89537,0.00116154360330799,284495.297741843,27.3682263823245,7586.54127311581
3436.90537,0.00116629159043955,284903.790109121,27.4800981935133,7597.43440290988
3436.91536,0.00117107282512648,285311.743650918,27.59275338177,7608.31316402448
3436.92536,0.00117588730736879,285719.158367235,27.7061919470946,7619.1775564596
3436.93536,0.00118073503716648,286126.034258071,27.8204138894872,7630.02758021524
3436.94536,0.00118561601451955,286532.371323427,27.9354192089477,7640.86323529139
3436.95535,0.00119053023942799,286938.169563303,28.0512079054761,7651.68452168808
3436.96535,0.00119547771189181,287343.428977698,28.1677799790724,7662.49143940528
3436.97535,0.00120045843191101,287748.149566613,28.2851354297367,7673.28398844302
3436.98535,0.00120547239948559,288152.331330047,28.4032742574689,7684.06216880124
3436.99534,0.00121051961461554,288555.974268001,28.5221964622691,7694.82598048001
3437.00534,0.00121560007730088,288959.078380474,28.6419020441372,7705.5754234793
3437.01534,0.00122071378754159,289361.643667466,28.7623910030731,7716.31049779911
3437.02534,0.00122586074533767,289763.670128979,28.8836633390771,7727.03120343944
3437.03533,0.00123104095068914,290165.157765011,29.005719052149,7737.73754040029
3437.04533,0.00123625440359598,290566.106575562,29.1285581422887,7748.42950868166
3437.05533,0.0012415011040582,290966.516560633,29.2521806094964,7759.10710828355
3437.06533,0.0012467810520758,291366.387720224,29.3765864537721,7769.77033920597
3437.07532,0.00125209424764877,291765.720054334,29.5017756751157,7780.41920144889
3437.08532,0.00125744069077713,292164.513562963,29.6277482735272,7791.05369501236
3437.09532,0.00126282038146085,292562.768246112,29.7545042490066,7801.67381989633
3437.10532,0.00126823331969996,292960.484103781,29.882043601554,7812.27957610083
3437.11531,0.00127367950549445,293357.661135969,30.0103663311693,7822.87096362585
3437.12531,0.00127915893884431,293754.299342677,30.1394724378525,7833.44798247139
3437.13531,0.00128467161974955,294150.398723904,30.2693619216037,7844.01063263745
3437.14531,0.00129021754821017,294545.959279651,30.4000347824228,7854.55891412404
3437.1553,0.00129579672422616,294940.981009917,30.5314910203098,7865.09282693113
3437.1653,0.00130140914779754,295335.463914703,30.6637306352648,7875.61237105875
3437.1753,0.00130705481892429,295729.407994009,30.7967536272877,7886.1175465069
3437.18529,0.00131273373760642,296122.813247834,30.9305599963785,7896.60835327557
3437.19529,0.00131844590384392,296515.679676178,31.0651497425372,7907.08479136475
3437.20529,0.00132419131763681,296908.007279043,31.2005228657638,7917.54686077447
3437.21529,0.00132996997898507,297299.796056426,31.3366793660584,7927.99456150469
3437.22528,0.00133578188788871,297691.046008329,31.473619243421,7938.42789355545
3437.23528,0.00134162704434772,298081.757134752,31.6113424978514,7948.84685692671
3437.24528,0.00134750544836212,298471.929435694,31.7498491293498,7959.25145161851
3437.25528,0.00135341709993189,298861.562911156,31.8891391379161,7969.64167763082
3437.26527,0.00135936199905704,299250.657561137,32.0292125235504,7980.01753496367
3437.27527,0.00136534014573756,299639.213385638,32.1700692862526,7990.37902361701
3437.28527,0.00137135153997347,300027.230384658,32.3117094260227,8000.72614359089
3437.29527,0.00137739618176475,300414.708558198,32.4541329428607,8011.05889488529
3437.30526,0.00138347407111141,300801.647906258,32.5973398367667,8021.37727750021
3437.31526,0.00138958520801344,301188.048428837,32.7413301077406,8031.68129143565
3437.32526,0.00139572959247086,301573.910125935,32.8861037557824,8041.9709366916
3437.33526,0.00140190722448365,301959.232997553,33.0316607808922,8052.24621326809
3437.34525,0.00140811810405182,302344.017043691,33.1780011830699,8062.5071211651
3437.35525,0.00141436223117537,302728.262264348,33.3251249623155,8072.75366038262
3437.36525,0.00142063960585429,303111.968659525,33.473032118629,8082.98583092067
3437.37525,0.00142695022808859,303495.136229221,33.6217226520105,8093.20363277924
3437.38524,0.00143329409787827,303877.764973437,33.77119656246,8103.40706595833
3437.39524,0.00143967121522333,304259.854892173,33.9214538499773,8113.59613045794
3437.40524,0.00144608158012376,304641.405985427,34.0724945145625,8123.77082627806
3437.41523,0.00145252519257958,305022.418253202,34.2243185562157,8133.93115341871
3437.42523,0.00145900205259077,305402.891695496,34.3769259749369,8144.07711187989
3437.43523,0.00146551216015733,305782.826312309,34.5303167707259,8154.20870166158
3437.44523,0.00147205551527928,306162.222103642,34.6844909435829,8164.32592276379
3437.45522,0.0014786321179566,306541.079069495,34.8394484935078,8174.42877518652
3437.46522,0.0014852419681893,306919.397209867,34.9951894205007,8184.51725892979
3437.47522,0.00149188506597738,307297.176524759,35.1517137245615,8194.59137399357
3437.48522,0.00149856141132084,307674.41701417,35.3090214056902,8204.65112037786
3437.49521,0.00150527100421967,308051.118678101,35.4671124638868,8214.69649808268
3437.50521,0.00151201384467388,308427.281516551,35.6259868991514,8224.72750710802
3437.51521,0.00151878993268347,308802.905529521,35.7856447114839,8234.74414745388
3437.52521,0.00152559926824843,309177.99071701,35.9460859008843,8244.74641912027
3437.5352,0.00153244185136878,309552.537079019,36.1073104673527,8254.73432210718
3437.5452,0.0015393176820445,309926.544615547,36.2693184108889,8264.7078564146
3437.5552,0.00154622676027559,310300.013326596,36.4321097314932,8274.66702204255
3437.5652,0.00155316908606207,310672.943212163,36.5956844291653,8284.61181899101
3437.57519,0.00156014465940392,311045.33427225,36.7600425039054,8294.54224726
3437.58519,0.00156715348030115,311417.186506856,36.9251839557134,8304.45830684951
3437.59519,0.00157419554875376,311788.499915983,37.0911087845893,8314.35999775954
3437.60519,0.00158127086476175,312159.274499629,37.2578169905332,8324.2473199901
3437.61518,0.00158837942832511,312529.510257794,37.425308573545,8334.12027354117
3437.62518,0.00159552123944386,312899.207190479,37.5935835336247,8343.97885841277
3437.63518,0.00160269629811797,313268.365297683,37.7626418707724,8353.82307460488
3437.64517,0.00160990460434747,313636.984579407,37.9324835849879,8363.65292211751
3437.65517,0.00161714615813234,314005.06503565,38.1031086762715,8373.46840095067
3437.66517,0.0016244209594726,314372.606666413,38.274517144623,8383.26951110434
3437.67517,0.00163172900836822,314739.609471696,38.4467089900423,8393.05625257855
3437.68516,0.00163907030481923,315106.073451498,38.6196842125296,8402.82862537327
3437.69516,0.00164644484882562,315471.998605819,38.7934428120848,8412.58662948851
3437.70516,0.00165385264038738,315837.38493466,38.967984788708,8422.33026492427
3437.71516,0.00166129367950452,316202.232438021,39.1433101423991,8432.05953168056
3437.72515,0.00166876796617703,316566.541115901,39.3194188731581,8441.77442975737
3437.73515,0.00167627550040493,316930.310968301,39.4963109809851,8451.47495915468
3437.74515,0.0016838162821882,317293.54199522,39.67398646588,8461.16111987254
3437.75515,0.00169139031152685,317656.234196659,39.8524453278428,8470.83291191091
3437.76514,0.00169899758842088,318018.387572617,40.0316875668736,8480.4903352698
3437.77514,0.00170663811287028,318380.002123095,40.2117131829722,8490.1333899492
3437.78514,0.00171431188487506,318741.077848093,40.3925221761388,8499.76207594913
3437.79514,0.00172201890443523,319101.614747609,40.5741145463734,8509.37639326958
3437.80513,0.00172975917155076,319461.612821646,40.7564902936759,8518.97634191056
3437.81513,0.00173753268622168,319821.072070202,40.9396494180462,8528.56192187206
3437.82513,0.00174533944844797,320179.992493278,41.1235919194846,8538.13313315407
3437.83513,0.00175317945822964,320538.374090873,41.3083177979908,8547.68997575661
3437.84512,0.00176105271556669,320896.216862987,41.493827053565,8557.23244967966
3437.85512,0.00176895922045911,321253.520809622,41.6801196862071,8566.76055492324
3437.86512,0.00177689897290692,321610.285930776,41.8671956959172,8576.27429148735
3437.87512,0.0017848719729101,321966.512226449,42.0550550826951,8585.77365937197
3437.88511,0.00179287822046866,322322.199696641,42.243697846541,8595.2586585771
3437.89511,0.00180091771558259,322677.348341354,42.4331239874549,8604.72928910278
3437.90511,0.00180899045825191,323031.958160586,42.6233335054366,8614.18555094895
3437.9151,0.0018170964484766,323386.029154338,42.8143264004863,8623.62744411567
3437.9251,0.00182523568625666,323739.561322608,43.006102672604,8633.05496860289
3437.9351,0.00183340817159211,324092.554665399,43.1986623217895,8642.46812441064
3437.9451,0.00184161390448293,324445.009182709,43.392005348043,8651.86691153891
3437.95509,0.00184985288492913,324796.924874538,43.5861317513644,8661.25132998769
3437.96509,0.00185812511293071,325148.301740888,43.7810415317538,8670.62137975701
3437.97509,0.00186643058848767,325499.139781757,43.976734689211,8679.97706084684
3437.98509,0.0018747693116,325849.438997145,44.1732112237362,8689.31837325719
3437.99508,0.00188314128226772,326199.199387053,44.3704711353294,8698.64531698807
3438.00508,0.0018915465004908,326548.42095148,44.5685144239904,8707.95789203946
3438.01508,0.00189998496626927,326897.103690427,44.7673410897194,8717.25609841138
3438.02508,0.00190845667960311,327245.247603893,44.9669511325163,8726.53993610382
3438.03507,0.00191696164049234,327592.852691879,45.1673445523812,8735.80940511678
3438.04507,0.00192549984893694,327939.918954385,45.368521349314,8745.06450545025
3438.05507,0.00193407130493691,328286.44639141,45.5704815233147,8754.30523710426
3438.06507,0.00194267600849227,328632.435002954,45.7732250743834,8763.53160007878
3438.07506,0.001951313959603,328977.884789018,45.97675200252,8772.74359437382
3438.08506,0.00195998515826911,329322.795749602,46.1810623077244,8781.94121998939
3438.09506,0.0019686896044906,329667.167884705,46.3861559899969,8791.12447692547
3438.10506,0.00197742729826746,330011.001194328,46.5920330493373,8800.29336518208
3438.11505,0.0019861982395997,330354.29567847,46.7986934857455,8809.44788475921
3438.12505,0.00199500242848732,330697.051337132,47.0061372992218,8818.58803565685
3438.13505,0.00200383986493032,331039.268170313,47.2143644897659,8827.71381787503
3438.14504,0.00201271054892869,331380.946178014,47.423375057378,8836.82523141372
3438.15504,0.00202161448048245,331722.085360235,47.633169002058,8845.92227627292
3438.16504,0.00203055165959158,332062.685716974,47.843746323806,8855.00495245265
3438.17504,0.00203952208625608,332402.747248234,48.0551070226218,8864.07325995291
3438.18503,0.00204852576047597,332742.269954013,48.2672510985056,8873.12719877368
3438.19503,0.00205756268225123,333081.253834312,48.4801785514574,8882.16676891498
3438.20503,0.00206663285158187,333419.69888913,48.693889381477,8891.1919703768
3438.21503,0.00207573626846789,333757.605118468,48.9083835885646,8900.20280315914
3438.22502,0.00208487293290929,334094.972522325,49.1236611727201,8909.19926726199
3438.23502,0.00209404284490606,334431.801100702,49.3397221339436,8918.18136268537
3438.24502,0.00210324600445821,334768.090853598,49.556566472235,8927.14908942927
3438.25502,0.00211248241156574,335103.841781014,49.7741941875943,8936.1024474937
3438.26501,0.00212175206622865,335439.053882949,49.9926052800216,8945.04143687865
3438.27501,0.00213105496844693,335773.727159404,50.2117997495167,8953.96605758411
3438.28501,0.00214039111822059,336107.861610379,50.4317775960798,8962.8763096101
3438.29501,0.00214976051554963,336441.457235873,50.6525388197108,8971.7721929566
3438.305,0.00215916316043404,336774.514035886,50.8740834204098,8980.65370762364
3438.315,0.00216859905287384,337107.032010419,51.0964113981767,8989.52085361118
3438.325,0.00217806819286901,337439.011159472,51.3195227530115,8998.37363091926
3438.335,0.00218757058041956,337770.451483044,51.5434174849143,9007.21203954785
3438.34499,0.00219710621552548,338101.352981136,51.768095593885,9016.03607949696
3438.35499,0.00220667509818679,338431.715653747,51.9935570799236,9024.84575076658
3438.36499,0.00221627722840347,338761.539500878,52.2198019430301,9033.64105335674
3438.37499,0.00222591260617553,339090.824522528,52.4468301832046,9042.42198726742
3438.38498,0.00223558123150296,339419.570718698,52.674641800447,9051.18855249861
3438.39498,0.00224528310438578,339747.778089388,52.9032367947573,9059.94074905034
3438.40498,0.00225501822482397,340075.446634597,53.1326151661356,9068.67857692258
3438.41497,0.00226478659281754,340402.576354325,53.3627769145818,9077.40203611533
3438.42497,0.00227458820836649,340729.167248573,53.5937220400959,9086.11112662862
3438.43497,0.00228442307147081,341055.219317341,53.825450542678,9094.80584846241
3438.44497,0.00229429118213051,341380.732560628,54.0579624223279,9103.48620161674
3438.45496,0.00230419254034559,341705.706978434,54.2912576790459,9112.15218609158
3438.46496,0.00231412714611605,342030.142570761,54.5253363128317,9120.80380188695
3438.47496,0.00232409499944188,342354.039337606,54.7601983236855,9129.44104900284
3438.48496,0.0023340961003231,342677.397278971,54.9958437116072,9138.06392743924
3438.49495,0.00234413044875969,343000.216394856,55.2322724765968,9146.67243719617
3438.50495,0.00235419804475165,343322.496685261,55.4694846186544,9155.26657827362
3438.51495,0.002364298888299,343644.238150185,55.7074801377799,9163.84635067159
3438.52495,0.00237443297940172,343965.440789628,55.9462590339733,9172.41175439008
3438.53494,0.00238460031805982,344286.104603591,56.1858213072346,9180.96278942909
3438.54494,0.0023948009042733,344606.229592074,56.4261669575639,9189.49945578863
3438.55494,0.00240503473804215,344925.815755076,56.6672959849611,9198.02175346869
3438.56494,0.00241530181936639,345244.863092597,56.9092083894263,9206.52968246926
3438.57493,0.002425602148246,345563.371604638,57.1519041709593,9215.02324279036
3438.58493,0.00243593572468098,345881.341291199,57.3953833295603,9223.50243443198
3438.59493,0.00244630254867135,346198.77215228,57.6396458652292,9231.96725739412
3438.60493,0.00245670262021709,346515.664187879,57.8846917779661,9240.41771167678
3438.61492,0.00246713593931821,346832.017397998,58.1305210677709,9248.85379727996
3438.62492,0.00247760250597471,347147.831782637,58.3771337346436,9257.27551420366
3438.63492,0.00248810232018659,347463.107341796,58.6245297785843,9265.68286244789
3438.64491,0.00249863538195384,347777.844075474,58.8727091995929,9274.07584201264
3438.65491,0.00250920169127647,348092.041983671,59.1216719976694,9282.45445289789
3438.66491,0.00251980124815448,348405.701066388,59.3714181728138,9290.81869510368
3438.67491,0.00253043405258787,348718.821323625,59.6219477250262,9299.16856862999
3438.6849,0.00254110010457663,349031.402755381,59.8732606543065,9307.50407347682
3438.6949,0.00255179940412077,349343.445361657,60.1253569606547,9315.82520964418
3438.7049,0.00256253195122029,349654.949142452,60.3782366440709,9324.13197713204
3438.7149,0.00257329774587519,349965.914097766,60.6318997045549,9332.42437594044
3438.72489,0.00258409678808546,350276.340227601,60.886346142107,9340.70240606935
3438.73489,0.00259492907785111,350586.227531954,61.1415759567269,9348.96606751878
3438.74489,0.00260579461517214,350895.576010828,61.3975891484149,9357.21536028874
3438.75489,0.00261669340004855,351204.38566422,61.6543857171706,9365.45028437921
3438.76488,0.00262762543248034,351512.656492133,61.9119656629944,9373.67083979022
3438.77488,0.00263859071246749,351820.388494565,62.170328985886,9381.87702652174
3438.78488,0.00264958924001003,352127.581671516,62.4294756858456,9390.06884457377
3438.79488,0.00266062101510795,352434.236022988,62.6894057628732,9398.24629394634
3438.80487,0.00267168603776125,352740.351548978,62.9501192169686,9406.40937463942
3438.81487,0.00268278430796992,353045.928249488,63.211616048132,9414.55808665303
3438.82487,0.00269391582573397,353350.966124518,63.4738962563633,9422.69242998715
3438.83487,0.00270508059105339,353655.465174067,63.7369598416626,9430.81240464179
3438.84486,0.0027162786039282,353959.425398136,64.0008068040298,9438.91801061696
3438.85486,0.00272750986435838,354262.846796724,64.2654371434649,9447.00924791265
3438.86486,0.00273877437234394,354565.729369832,64.5308508599679,9455.08611652886
3438.87485,0.00275007212788488,354868.073117459,64.7970479535389,9463.14861646559
3438.88485,0.0027614031309812,355169.878039606,65.0640284241778,9471.19674772284
3438.89485,0.00277276738163289,355471.144136273,65.3317922718846,9479.23051030061
3438.90485,0.00278416487983996,355771.871407459,65.6003394966593,9487.2499041989
3438.91484,0.0027955956256024,356072.059853164,65.8696700985021,9495.25492941771
3438.92484,0.00280705961892023,356371.709473389,66.1397840774127,9503.24558595705
3438.93484,0.00281855685979343,356670.820268134,66.4106814333912,9511.22187381691
3438.94484,0.00283008734822201,356969.392237398,66.6823621664377,9519.18379299729
3438.95483,0.00284165108420597,357267.425381182,66.9548262765521,9527.13134349818
3438.96483,0.00285324806774531,357564.919699485,67.2280737637344,9535.0645253196
3438.97483,0.00286487829884002,357861.875192308,67.5021046279847,9542.98333846154
3438.98483,0.00287654177749011,358158.29185965,67.776918869303,9550.887782924
3438.99482,0.00288823850369558,358454.169701512,68.0525164876891,9558.77785870699
3439.00482,0.00289996847745642,358749.508717893,68.3288974831431,9566.65356581049
3439.01482,0.00291173169877265,359044.308908794,68.6060618556651,9574.51490423452
3439.02482,0.00292352816764425,359338.570274215,68.884009605255,9582.36187397907
3439.03481,0.00293535788407123,359632.292814155,69.1627407319129,9590.19447504413
3439.04481,0.00294722084805358,359925.476528615,69.4422552356387,9598.01270742972
3439.05481,0.00295911705959132,360218.121417594,69.7225531164324,9605.81657113583
3439.06481,0.00297104651868443,360510.227481092,70.003634374294,9613.60606616246
3439.0748,0.00298300922533292,360801.79471911,70.2854990092236,9621.38119250961
3439.0848,0.00299500517953678,361092.823131648,70.5681470212211,9629.14195017729
3439.0948,0.00300703438129603,361383.312718706,70.8515784102865,9636.88833916548
3439.1048,0.00301909683061065,361673.263480282,71.1357931764198,9644.62035947419
3439.11479,0.00303119252748065,361962.675416379,71.4207913196211,9652.33801110343
3439.12479,0.00304332147190603,362251.548526994,71.7065728398903,9660.04129405318
3439.13479,0.00305548366388678,362539.88281213,71.9931377372275,9667.73020832346
3439.14478,0.00306767910342291,362827.678271785,72.2804860116325,9675.40475391427
3439.15478,0.00307990779051442,363114.934905959,72.5686176631055,9683.06493082558
3439.16478,0.00309216972516131,363401.652714654,72.8575326916465,9690.71073905743
3439.17478,0.00310446490736357,363687.831697867,73.1472310972554,9698.34217860979
3439.18477,0.00311679333712121,363973.4718556,73.4377128799321,9705.95924948267
3439.19477,0.00312915501443423,364258.573187853,73.7289780396769,9713.56195167608
3439.20477,0.00314154993930263,364543.135694625,74.0210265764896,9721.15028519001
3439.21477,0.00315397811172641,364827.159375917,74.3138584903702,9728.72425002446
3439.22476,0.00316643953170556,365110.644231728,74.6074737813187,9736.28384617942
3439.23476,0.00317893419924009,365393.590262059,74.9018724493351,9743.82907365491
3439.24476,0.00319146211433,365675.997466909,75.1970544944195,9751.35993245092
3439.25476,0.00320402327697528,365957.865846279,75.4930199165718,9758.87642256745
3439.26475,0.00321661768717595,366239.195400169,75.7897687157921,9766.3785440045
3439.27475,0.00322469907867677,366444.236337721,75.9801820170653,9771.84630233923
3439.28475,0.00323735315295555,366725.10431809,76.2783366180069,9779.33611514908
3439.29475,0.00325004108208211,367005.443640459,76.5772889050063,9786.81183041223
3439.30474,0.00326276286605644,367285.254304826,76.8770388780636,9794.27344812869
3439.31474,0.00327551850487853,367564.536311192,77.1775865371785,9801.72096829845
3439.32474,0.00328830799854839,367843.289659557,77.4789318823513,9809.15439092153
3439.33474,0.00330113134706603,368121.514349921,77.781074913582,9816.57371599789
3439.34473,0.00331398855043143,368399.210382284,78.0840156308705,9823.97894352757
3439.35473,0.0033268796086446,368676.377756646,78.3877540342168,9831.37007351056
3439.36473,0.00333980452170554,368953.016473006,78.6922901236208,9838.74710594684
3439.37472,0.00335276328961425,369229.126531366,78.9976238990827,9846.11004083643
3439.38472,0.00336575591237074,369504.707931725,79.3037553606024,9853.45887817933
3439.39472,0.00337878238997499,369779.760674083,79.6106845081799,9860.79361797554
3439.40472,0.00339184272242701,370054.284758439,79.9184113418152,9868.11426022504
3439.41471,0.0034049369097268,370328.280184794,80.2269358615083,9875.42080492785
3439.42471,0.00341806495187436,370601.746953149,80.5362580672592,9882.71325208397
3439.43471,0.00343122684886969,370874.685063502,80.846377959068,9889.99160169338
3439.44471,0.00344442260071279,371147.094515854,81.1572955369345,9897.25585375611
3439.4547,0.00345765220740366,371418.975310205,81.4690108008589,9904.50600827214
3439.4647,0.0034709156689423,371690.327446555,81.7815237508411,9911.74206524148
3439.4747,0.0034842129853287,371961.150924905,82.0948343868811,9918.96402466412
3439.4847,0.00349754415656288,372231.445745252,82.4089427089789,9926.17188654006
3439.49469,0.00351090918264483,372501.211907599,82.7238487171346,9933.36565086931
3439.50469,0.00352430806357455,372770.449411945,83.039552411348,9940.54531765186
3439.51469,0.00353774079935204,373039.15825829,83.3560537916193,9947.71088688772
3439.52469,0.00355120738997729,373307.338446633,83.6733528579483,9954.86235857689
3439.53468,0.00356470783545032,373574.989976976,83.9914496103352,9961.99973271936
3439.54468,0.00357824213577111,373842.112849318,84.3103440487798,9969.12300931514
3439.55468,0.00359181029093968,374108.707063658,84.6300361732823,9976.23218836421
3439.56468,0.00360541230095601,374374.772619997,84.9505259838426,9983.3272698666
3439.57467,0.00361904816582012,374640.309518336,85.2718134804607,9990.40825382229
3439.58467,0.003632717885532,374905.317758673,85.5938986631367,9997.47514023129
3439.59467,0.00364642146009164,375169.797341009,85.9167815318704,10004.5279290936
3439.60466,0.00366015888949905,375433.748265345,86.2404620866619,10011.5666204092
3439.61466,0.00367393017375423,375697.170531678,86.5649403275113,10018.5912141781
3439.62466,0.00368773531285719,375960.064140011,86.8902162544185,10025.6017104003
3439.63466,0.00370157430680791,376222.429090343,87.2162898673835,10032.5981090758
3439.64465,0.0037154471556064,376484.265382674,87.5431611664063,10039.5804102046
3439.65465,0.00372935385925267,376745.573017004,87.8708301514869,10046.5486137868
3439.66465,0.00374329441774669,377006.351993333,88.1992968226252,10053.5027198222
3439.67465,0.0037572688310885,377266.60231166,88.5285611798216,10060.4427283109
3439.68464,0.00377127709927807,377526.323971987,88.8586232230755,10067.368639253
3439.69464,0.00378531922231541,377785.516974312,89.1894829523874,10074.2804526483
3439.70464,0.00379939520020052,378044.181318637,89.521140367757,10081.178168497
3439.71464,0.0038135050329334,378302.31700496,89.8535954691845,10088.0617867989
3439.72463,0.00382764872051405,378559.924033282,90.1868482566698,10094.9313075542
3439.73463,0.00384182626294247,378817.002403603,90.5208987302129,10101.7867307628
3439.74463,0.00385603766021865,379073.552115924,90.8557468898137,10108.6280564246
3439.75463,0.00387028291234261,379329.573170243,91.1913927354725,10115.4552845398
3439.76462,0.00388456201931434,379585.065566561,91.527836267189,10122.2684151083
3439.77462,0.00389887498113384,379840.029304878,91.8650774849633,10129.0674481301
3439.78462,0.00391322179780111,380094.464385194,92.2031163887955,10135.8523836052
3439.79462,0.00392760246931614,380348.370807508,92.5419529786854,10142.6232215336
3439.80461,0.00394201699567895,380601.748571822,92.8815872546332,10149.3799619153
3439.81461,0.00395646537688953,380854.597678135,93.2220192166389,10156.1226047503
3439.82461,0.00397094761294787,381106.918126446,93.5632488647022,10162.8511500386
3439.83461,0.00398546370385399,381358.709916757,93.9052761988234,10169.5655977802
3439.8446,0.00400001364960787,381609.973049066,94.2481012190025,10176.2659479751
3439.8546,0.00401459745020953,381860.707523375,94.5917239252393,10182.9522006233
3439.8646,0.00402921510565895,382110.913339682,94.9361443175339,10189.6243557248
3439.87459,0.00404386661595615,382360.590497988,95.2813623958864,10196.2824132797
3439.88459,0.00405855198110111,382609.738998293,95.6273781602966,10202.9263732878
3439.89459,0.00407327120109384,382858.358840597,95.9741916107646,10209.5562357493
3439.90459,0.00408802427593435,383106.4500249,96.3218027472906,10216.172000664
3439.91458,0.00410281120562262,383354.012551202,96.6702115698743,10222.7736680321
3439.92458,0.00411763199015866,383601.046419503,97.0194180785157,10229.3612378534
3439.93458,0.00413248662954247,383847.551629803,97.3694222732151,10235.9347101281
3439.94458,0.00414737512377406,384093.528182102,97.7202241539722,10242.4940848561
3439.95457,0.0041622974728534,384338.9760764,98.0718237207871,10249.0393620373
3439.96457,0.00417725367678053,384583.895312696,98.4242209736599,10255.5705416719
3439.97457,0.00419224373555542,384828.285890992,98.7774159125905,10262.0876237598
3439.98457,0.00420726764917808,385072.147811286,99.1314085375788,10268.590608301
3439.99456,0.00422232541764851,385315.481073579,99.4861988486251,10275.0794952955
3440.00456,0.00423741704096671,385558.285677872,99.841786845729,10281.5542847433
3440.01456,0.00425254251913267,385800.561624163,100.198172528891,10288.0149766444
3440.02456,0.00426770185214641,386042.308912453,100.55535589811,10294.4615709988
3440.03455,0.00428289504000792,386283.527542743,100.913336953388,10300.8940678065
3440.04455,0.0042981220827172,386524.217515031,101.272115694723,10307.3124670675
3440.05455,0.00431338298027425,386764.378829318,101.631692122116,10313.7167687818
3440.06455,0.00432867773267906,387004.011485604,101.992066235567,10320.1069729494
3440.07454,0.00434400633993165,387243.115483888,102.353238035076,10326.4830795704
3440.08454,0.00435936880203201,387481.690824172,102.715207520642,10332.8450886446
3440.09454,0.00437476511898014,387719.737506455,103.077974692267,10339.1930001721
3440.10453,0.00439019529077604,387957.255530737,103.441539549949,10345.526814153
3440.11453,0.0044056593174197,388194.244897017,103.805902093689,10351.8465305871
3440.12453,0.00442115719891113,388430.705605297,104.171062323486,10358.1521494746
3440.13453,0.00443668893525033,388666.637655575,104.537020239342,10364.4436708153
3440.14452,0.00445225452643731,388902.041047852,104.903775841255,10370.7210946094
3440.15452,0.00446785397247206,389136.915782129,105.271329129226,10376.9844208568
3440.16452,0.00448348727335457,389371.261858404,105.639680103255,10383.2336495574
3440.17452,0.00449915442908485,389605.079276678,106.008828763342,10389.4687807114
3440.18451,0.0045148554396629,389838.368036951,106.378775109487,10395.6898143187
3440.19451,0.00453059030508873,390071.128139223,106.749519141689,10401.8967503793
3440.20451,0.00454635902536232,390303.359583494,107.121060859949,10408.0895888932
3440.21451,0.00456216160048368,390535.062369764,107.493400264267,10414.2683298604
3440.2245,0.00457799803045281,390766.236498033,107.866537354643,10420.4329732809
3440.2345,0.00459386831526971,390996.881968301,108.240472131077,10426.5835191547
3440.2445,0.00460977245493439,391226.998780568,108.615204593568,10432.7199674818
3440.2545,0.00462571044944682,391456.586934833,108.990734742118,10438.8423182622
3440.26449,0.00464168229880703,391685.646431098,109.367062576725,10444.9505714959
3440.27449,0.00465768800301501,391914.177269362,109.74418809739,10451.044727183
3440.28449,0.00467372756207076,392142.179449624,110.122111304112,10457.1247853233
3440.29449,0.00468980097597428,392369.652971885,110.500832196893,10463.1907459169
3440.30448,0.00470590824472557,392596.597836145,110.880350775731,10469.2426089639
3440.31448,0.00472204936832463,392823.014042405,111.260667040627,10475.2803744641
3440.32448,0.00473822434677146,393048.901590662,111.641780991581,10481.3040424177
3440.33447,0.00475443318006605,393274.260480919,112.023692628593,10487.3136128245
3440.34447,0.00477067586820842,393499.090713176,112.406401951663,10493.3090856847
3440.35447,0.00478695241119855,393723.392287431,112.78990896079,10499.2904609982
3440.36447,0.00480326280903647,393947.165203685,113.174213655975,10505.2577387649
3440.37446,0.00481960706172214,394170.409461937,113.559316037218,10511.210918985
3440.38446,0.00483598516925559,394393.125062189,113.945216104519,10517.1500016584
3440.39446,0.00485239713163681,394615.312004439,114.331913857878,10523.0749867851
3440.40446,0.00486884294886579,394836.970288689,114.719409297294,10528.985874365
3440.41445,0.00488532262094254,395058.099914938,115.107702422768,10534.8826643983
3440.42445,0.00490183614786707,395278.700883185,115.496793234301,10540.7653568849
3440.43445,0.00491838352963936,395498.773193431,115.88668173189,10546.6339518248
3440.44445,0.00493496476625943,395718.316845676,116.277367915538,10552.488449218
3440.45444,0.00495157985772726,395937.331839921,116.668851785244,10558.3288490646
3440.46444,0.00496822880404286,396155.818176164,117.061133341007,10564.1551513644
3440.47444,0.00498491160520624,396373.775854406,117.454212582828,10569.9673561175
3440.48444,0.00500162826121738,396591.204874647,117.848089510707,10575.7654633239
3440.49443,0.00501837877207629,396808.105236887,118.242764124644,10581.5494729837
3440.50443,0.00503516313778297,397024.476941126,118.638236424638,10587.3193850967
3440.51443,0.00505198135833742,397240.319987364,119.034506410691,10593.075199663
3440.52443,0.00506883343373964,397455.634375601,119.431574082801,10598.8169166827
3440.53442,0.00508571936398963,397670.420105836,119.829439440969,10604.5445361556
3440.54442,0.00510263914908739,397884.677178071,120.228102485195,10610.2580580819
3440.55442,0.00511959278903291,398098.405592304,120.627563215478,10615.9574824614
3440.56442,0.00513658028382622,398311.605348537,121.02782163182,10621.6428092943
3440.57441,0.00515360163346729,398524.276446768,121.428877734219,10627.3140385805
3440.58441,0.00517065683795612,398736.418886999,121.830731522676,10632.97117032
3440.59441,0.00518774589729273,398948.032669228,122.233382997191,10638.6142045128
3440.6044,0.00520486881147712,399159.117793456,122.636832157764,10644.2431411588
3440.6144,0.00522202558050926,399369.674259683,123.041079004394,10649.8579802582
3440.6244,0.00523921620438918,399579.702067909,123.446123537082,10655.4587218109
3440.6344,0.00525644068311687,399789.201218134,123.851965755828,10661.0453658169
3440.64439,0.00527369901669232,399998.171710358,124.258605660632,10666.6179122762
3440.65439,0.00529099120511554,400206.613544581,124.666043251494,10672.1763611888
3440.66439,0.00530831724838654,400414.526720803,125.074278528414,10677.7207125547
3440.67439,0.00532567714650531,400621.911239023,125.483311491391,10683.250966374
3440.68438,0.00534307089947185,400828.767099243,125.893142140426,10688.7671226465
3440.69438,0.00536049850728615,401035.094301462,126.303770475519,10694.2691813723
3440.70438,0.00537795996994822,401240.892845679,126.71519649667,10699.7571425515
3440.71438,0.00539545528745807,401446.162731896,127.127420203879,10705.2310061839
3440.72437,0.00541298445981568,401650.903960111,127.540441597145,10710.6907722696
3440.73437,0.00543054748702107,401855.116530325,127.954260676469,10716.1364408087
3440.74437,0.00544814436907422,402058.800442539,128.368877441851,10721.568011801
3440.75437,0.00546577510597514,402261.955696751,128.784291893291,10726.9854852467
3440.76436,0.00548343969772383,402464.582292961,129.200504030789,10732.3888611456
3440.77436,0.00550113814432029,402666.680231172,129.617513854344,10737.7781394979
3440.78436,0.00551887044576453,402868.249511381,130.035321363958,10743.1533203035
3440.79436,0.00553663660205652,403069.290133589,130.453926559628,10748.5144035624
3440.80435,0.00555443661319629,403269.802097796,130.873329441357,10753.8613892746
3440.81435,0.00557227047918384,403469.785404001,131.293530009144,10759.19427744
3440.82435,0.00559013820001915,403669.240052206,131.714528262989,10764.5130680588
3440.83434,0.00560803977570223,403868.166042409,132.136324202891,10769.8177611309
3440.84434,0.00562597520623308,404066.563374612,132.558917828851,10775.1083566563
3440.85434,0.00564394449161169,404264.432048813,132.982309140869,10780.384854635
3440.86434,0.00566194763183809,404461.772065013,133.406498138945,10785.647255067
3440.87433,0.00567998462691224,404658.583423213,133.831484823079,10790.8955579524
3440.88433,0.00569805547683417,404854.866123411,134.25726919327,10796.129763291
3440.89433,0.00571616018160387,405050.620165609,134.683851249519,10801.3498710829
3440.90433,0.00573429874122133,405245.845549804,135.111230991826,10806.5558813281
3440.91432,0.00575247115568657,405440.542276,135.539408420191,10811.7477940267
3440.92432,0.00577067742499958,405634.710344194,135.968383534614,10816.9256091785
3440.93432,0.00578891754916035,405828.349754387,136.398156335094,10822.0893267836
3440.94432,0.00580719152816891,406021.460506579,136.828726821632,10827.2389468421
3440.95431,0.00582549936202522,406214.042600769,137.260094994228,10832.3744693539
3440.96431,0.0058438410507293,406406.096036959,137.692260852882,10837.4958943189
3440.97431,0.00586221659428116,406597.620815148,138.125224397594,10842.6032217373
3440.98431,0.00588062599268077,406788.616935335,138.558985628363,10847.6964516089
3440.9943,0.00589906924592817,406979.084397521,138.993544545191,10852.7755839339
3441.0043,0.00591754635402333,407169.023201707,139.428901148076,10857.8406187122
3441.0143,0.00593605731696626,407358.433347892,139.865055437019,10862.8915559438
3441.0243,0.00595460213475698,407547.314836075,140.30200741202,10867.9283956287
3441.03429,0.00597318080739544,407735.667666257,140.739757073078,10872.9511377669
3441.04429,0.00599179333488169,407923.491838438,141.178304420195,10877.9597823583
3441.05429,0.00601043971721569,408110.787352618,141.617649453369,10882.9543294031
3441.06428,0.00602911995439748,408297.554208797,142.057792172601,10887.9347789013
3441.07428,0.00604783404642703,408483.792406975,142.49873257789,10892.9011308527
3441.08428,0.00606658199330435,408669.501947152,142.940470669238,10897.8533852574
3441.09428,0.00608536379502944,408854.682829328,143.383006446644,10902.7915421154
3441.10427,0.0061041794516023,409039.335053503,143.826339910107,10907.7156014267
3441.11427,0.00612302896302293,409223.458619676,144.270471059628,10912.6255631914
3441.12427,0.00614191232929133,409407.053527848,144.715399895207,10917.5214274093
3441.13427,0.00616082955040751,409590.11977802,145.161126416843,10922.4031940805
3441.14426,0.00617978062637144,409772.65737019,145.607650624538,10927.2708632051
3441.15426,0.00619876555718315,409954.66630436,146.05497251829,10932.1244347829
3441.16426,0.00621778434284263,410136.146580529,146.5030920981,10936.9639088141
3441.17426,0.00623683698334987,410317.098198696,146.952009363968,10941.7892852986
3441.18425,0.00625592347870489,410497.521158862,147.401724315894,10946.6005642363
3441.19425,0.00627504382890767,410677.415461027,147.852236953877,10951.3977456274
3441.20425,0.00629419803395823,410856.781105191,148.303547277919,10956.1808294718
3441.21425,0.00631338609385656,411035.618091354,148.755655288018,10960.9498157694
3441.22424,0.00633260800860265,411213.926419516,149.208560984175,10965.7047045204
3441.23424,0.00635186377819652,411391.706089677,149.66226436639,10970.4454957247
3441.24424,0.00637115340263816,411568.957101837,150.116765434662,10975.1721893823
3441.25424,0.00639047688192756,411745.679455995,150.572064188993,10979.8847854932
3441.26423,0.00640983421606474,411921.873152153,151.028160629381,10984.5832840574
3441.27423,0.00642922540504967,412097.538190309,151.485054755827,10989.2676850749
3441.28423,0.00644865044888239,412272.674570465,151.942746568331,10993.9379885457
3441.29423,0.00646810934756288,412447.28229262,152.401236066892,10998.5941944699
3441.30422,0.00648760210109113,412621.361356772,152.860523251512,11003.2363028473
3441.31422,0.00650712870946715,412794.911762925,153.320608122189,11007.864313678
3441.32422,0.00652668917269094,412967.933511076,153.781490678924,11012.478226962
3441.33421,0.00654628349076251,413140.426601226,154.243170921717,11017.0780426994
3441.34421,0.00656591166368184,413312.391033375,154.705648850568,11021.66376089
3441.35421,0.00658557369144893,413483.826807523,155.168924465476,11026.235381534
3441.36421,0.0066052695740638,413654.73392367,155.632997766443,11030.7929046312
3441.3742,0.00662499931152645,413825.112381817,156.097868753467,11035.3363301818
3441.3842,0.00664476290383685,413994.962181961,156.563537426549,11039.8656581856
3441.3942,0.00666456035099504,414164.283324105,157.030003785689,11044.3808886428
3441.4042,0.00668439165300098,414333.075808248,157.497267830886,11048.8820215533
3441.41419,0.0067042568098547,414501.339634389,157.965329562142,11053.369056917
3441.42419,0.00672415582155618,414669.074802529,158.434188979455,11057.8419947341
3441.43419,0.00674408868810545,414836.281312669,158.903846082826,11062.3008350045
3441.44419,0.00676405540950249,415002.959164807,159.374300872255,11066.7455777282
3441.45418,0.00678405598574728,415169.108358944,159.845553347741,11071.1762229052
3441.46418,0.00680409041683984,415334.728895081,160.317603509286,11075.5927705355
3441.47418,0.00682415870278018,415499.820773216,160.790451356888,11079.9952206191
3441.48418,0.00684426084356828,415664.38399335,161.264096890548,11084.383573156
3441.49417,0.00686439683920416,415828.418555483,161.738540110266,11088.7578281462
3441.50417,0.00688456668968781,415991.924459615,162.213781016042,11093.1179855897
3441.51417,0.00690477039501923,416154.901705746,162.689819607875,11097.4640454865
3441.52417,0.00692500795519841,416317.350293876,163.166655885766,11101.7960078367
3441.53416,0.00694527937022537,416479.270224005,163.644289849716,11106.1138726401
3441.54416,0.00696558464010008,416640.661496132,164.122721499722,11110.4176398969
3441.55416,0.00698592376482259,416801.524110259,164.601950835787,11114.7073096069
3441.56415,0.00700629674439285,416961.858066384,165.08197785791,11118.9828817703
3441.57415,0.00702670357881088,417121.66336451,165.56280256609,11123.2443563869
3441.58415,0.00704714426807668,417280.940004632,166.044424960328,11127.4917334569
3441.59415,0.00706761881219026,417439.687986755,166.526845040625,11131.7250129801
3441.60414,0.00708812721115159,417597.907310876,167.010062806978,11135.9441949567
3441.61414,0.00710866946496071,417755.597976997,167.49407825939,11140.1492793866
3441.62414,0.00712924557361759,417912.759985115,167.978891397859,11144.3402662697
3441.63414,0.00714985553712224,418069.393335233,168.464502222386,11148.5171556062
3441.64413,0.00717049935547466,418225.498027351,168.950910732972,11152.679947396
3441.65413,0.00719117702867484,418381.074061466,169.438116929614,11156.8286416391
3441.66413,0.00721188855672281,418536.121437581,169.926120812315,11160.9632383355
3441.67413,0.00723263393961854,418690.640155695,170.414922381074,11165.0837374852
3441.68412,0.00725341317736204,418844.630215808,170.90452163589,11169.1901390882
3441.69412,0.00727422626995331,418998.09161792,171.394918576764,11173.2824431445
3441.70412,0.00729507321739234,419151.02436203,171.886113203696,11177.3606496541
3441.71412,0.00731595401967916,419303.428448139,172.378105516686,11181.424758617
3441.72411,0.00733686867681374,419455.303876248,172.870895515733,11185.4747700333
3441.73411,0.00735781718879608,419606.650646356,173.364483200839,11189.5106839028
3441.74411,0.0073787995556262,419757.468758462,173.858868572002,11193.5325002257
3441.75411,0.00739981577730409,419907.758212566,174.354051629223,11197.5402190018
3441.7641,0.00742086585382975,420057.519008671,174.850032372502,11201.5338402312
3441.7741,0.00744194978520317,420206.751146774,175.346810801838,11205.513363914
3441.7841,0.00746306757142436,420355.454626876,175.844386917232,11209.47879005
3441.7941,0.00748421921249334,420503.629448977,176.342760718685,11213.4301186394
3441.80409,0.00750540470841006,420651.275613077,176.841932206195,11217.367349682
3441.81409,0.00752662405917457,420798.393119176,177.341901379763,11221.290483178
3441.82409,0.00754787726478684,420944.981967274,177.842668239388,11225.1995191273
3441.83408,0.00756916432524688,421091.04215737,178.344232785072,11229.0944575299
3441.84408,0.0075904852405547,421236.573689465,178.846595016813,11232.9752983857
3441.85408,0.00761184001071028,421381.57656356,179.349754934612,11236.8420416949
3441.86408,0.00763322863571363,421526.050779653,179.853712538469,11240.6946874574
3441.87407,0.00765465111556476,421669.996337746,180.358467828384,11244.5332356732
3441.88407,0.00767610745026365,421813.413237837,180.864020804356,11248.3576863423
3441.89407,0.00769759763981031,421956.301479928,181.370371466387,11252.1680394647
3441.90407,0.00771912168420475,422098.661064017,181.877519814475,11255.9642950404
3441.91406,0.00774067958344694,422240.491990105,182.385465848621,11259.7464530695
3441.92406,0.00776227133753691,422381.794258192,182.894209568824,11263.5145135518
3441.93406,0.00778389694647465,422522.567868279,183.403750975086,11267.2684764874
3441.94406,0.00780555641026015,422662.812820363,183.914090067405,11271.0083418763
3441.95405,0.00782724972889345,422802.529114448,184.425226845783,11274.7341097186
3441.96405,0.00784897690237449,422941.71675053,184.937161310218,11278.4457800141
3441.97405,0.00787073793070331,423080.375728612,185.44989346071,11282.143352763
3441.98405,0.0078925328138799,423218.506048692,185.963423297261,11285.8268279651
3441.99404,0.00791436155190426,423356.107710772,186.47775081987,11289.4962056206
3442.00404,0.00793622414477638,423493.18071485,186.992876028536,11293.1514857293
