Time,Velocity,Pressure,Gamma,Tau
3755.55242,0.000991094386747085,271811.590495584,23.3521113331404,7248.30907988224
3755.56242,0.000994761125278665,272220.762743103,23.4385068243913,7259.22033981607
3755.57242,0.000998451597956713,272629.461961693,23.5254615382935,7270.11898564515
3755.58242,0.00100216580478123,273037.688151356,23.6129754748472,7281.00501736949
3755.59241,0.00100590374575222,273445.441312091,23.7010486340523,7291.87843498908
3755.60241,0.00100966542086968,273852.721443898,23.7896810159088,7302.73923850394
3755.61241,0.00101345083013361,274259.528546777,23.8788726204167,7313.58742791404
3755.62241,0.00101725997354401,274665.862620728,23.968623447576,7324.4230032194
3755.6324,0.00102109285110088,275071.723665751,24.0589334973868,7335.24596442002
3755.6424,0.00102494946280422,275477.111681846,24.149802769849,7346.05631151589
3755.6524,0.00102882980865402,275882.026669014,24.2412312649626,7356.85404450703
3755.66239,0.0010327338886503,276286.468627253,24.3332189827276,7367.63916339341
3755.67239,0.00103666170279305,276690.437556565,24.425765923144,7378.41166817506
3755.68239,0.00104061325108227,277093.933456948,24.5188720862119,7389.17155885195
3755.69239,0.00104458853351796,277496.956328404,24.6125374719311,7399.91883542411
3755.70238,0.00104858755010012,277899.506170932,24.7067620803018,7410.65349789151
3755.71238,0.00105261030082875,278301.582984532,24.801545911324,7421.37554625418
3755.72238,0.00105665678570385,278703.186769204,24.8968889649976,7432.0849805121
3755.73238,0.00106072700472541,279104.317524948,24.9927912413225,7442.78180066527
3755.74237,0.00106482095789345,279504.975251764,25.0892527402988,7453.46600671371
3755.75237,0.00106893864520796,279905.159949652,25.1862734619267,7464.1375986574
3755.76237,0.00107308006666894,280304.871618613,25.2838534062059,7474.79657649634
3755.77237,0.00107724522227639,280704.110258645,25.3819925731365,7485.44294023053
3755.78236,0.0010814341120303,281102.87586975,25.4806909627185,7496.07668985999
3755.79236,0.0010856467359307,281501.168451926,25.5799485749521,7506.69782538471
3755.80236,0.00108988309397755,281898.988005175,25.679765409837,7517.30634680467
3755.81236,0.00109414318617088,282296.334529496,25.7801414673733,7527.9022541199
3755.82235,0.00109842701251068,282693.208024889,25.881076747561,7538.48554733038
3755.83235,0.00110273457299695,283089.608491354,25.9825712504002,7549.05622643611
3755.84235,0.00110706586762969,283485.535928891,26.0846249758907,7559.6142914371
3755.85235,0.00111142089640889,283880.9903375,26.1872379240327,7570.15974233334
3755.86234,0.00111579965933457,284275.971717182,26.2904100948261,7580.69257912485
3755.87234,0.00112020215640672,284670.480067935,26.394141488271,7591.2128018116
3755.88234,0.00112462838762534,285064.515389761,26.4984321043673,7601.72041039362
3755.89233,0.00112907835299043,285458.077682658,26.6032819431149,7612.21540487088
3755.90233,0.00113355205250199,285851.166946628,26.708691004514,7622.69778524341
3755.91233,0.00113804948616001,286243.78318167,26.8146592885646,7633.1675515112
3755.92233,0.00114257065396451,286635.926387784,26.9211867952665,7643.62470367424
3755.93232,0.00114711555591548,287027.59656497,27.0282735246199,7654.06924173253
3755.94232,0.00115168419201292,287418.793713228,27.1359194766246,7664.50116568608
3755.95232,0.00115627656225683,287809.517832558,27.2441246512808,7674.92047553488
3755.96232,0.00116089266664721,288199.76892296,27.3528890485885,7685.32717127894
3755.97231,0.00116553250518405,288589.546984434,27.4622126685475,7695.72125291825
3755.98231,0.00117019607786737,288978.852016981,27.5720955111579,7706.10272045282
3755.99231,0.00117488338469716,289367.6840206,27.6825375764198,7716.47157388266
3756.00231,0.00117959442567342,289756.04299529,27.7935388643331,7726.82781320774
3756.0123,0.00118432920079615,290143.928941053,27.9050993748978,7737.17143842808
3756.0223,0.00118908771006534,290531.341857888,28.0172191081139,7747.50244954368
3756.0323,0.00119386995348101,290918.281745795,28.1298980639815,7757.82084655452
3756.0423,0.00119867593104315,291304.748604774,28.2431362425004,7768.12662946063
3756.05229,0.00120350564275176,291690.742434825,28.3569336436708,7778.41979826199
3756.06229,0.00120835908860684,292076.263235948,28.4712902674927,7788.70035295861
3756.07229,0.00121323626860838,292461.311008143,28.5862061139659,7798.96829355049
3756.08229,0.0012181371827564,292845.885751411,28.7016811830905,7809.22362003761
3756.09228,0.00122306183105089,293229.98746575,28.8177154748666,7819.46633242
3756.10228,0.00122801021349185,293613.616151161,28.9343089892941,7829.69643069764
3756.11228,0.00123298233007927,293996.771807645,29.051461726373,7839.91391487054
3756.12227,0.00123797818081317,294379.454435201,29.1691736861034,7850.11878493869
3756.13227,0.00124299776569354,294761.664033829,29.2874448684851,7860.3110409021
3756.14227,0.00124804108472038,295143.400603529,29.4062752735183,7870.49068276077
3756.15227,0.00125310813789368,295524.664144301,29.5256649012029,7880.65771051469
3756.16226,0.00125819892521346,295905.454656145,29.6456137515389,7890.81212416387
3756.17226,0.00126331344667971,296285.772139061,29.7661218245263,7900.9539237083
3756.18226,0.00126845170229243,296665.616593049,29.8871891201652,7911.08310914799
3756.19226,0.00127361369205162,297044.98801811,30.0088156384555,7921.19968048293
3756.20225,0.00127879941595727,297423.886414242,30.1310013793971,7931.30363771313
3756.21225,0.0012840088740094,297802.311781447,30.2537463429903,7941.39498083859
3756.22225,0.001289242066208,298180.264119724,30.3770505292348,7951.4737098593
3756.23225,0.00129449899255306,298557.743429072,30.5009139381307,7961.53982477526
3756.24224,0.0012997796530446,298934.749709493,30.6253365696781,7971.59332558649
3756.25224,0.00130508404768261,299311.282960986,30.7503184238769,7981.63421229297
3756.26224,0.00131041217646709,299687.343183552,30.8758595007271,7991.66248489471
3756.27224,0.00131576403939804,300062.930377188,31.0019598002288,8001.67814339169
3756.28223,0.00132113963647545,300438.044541898,31.1286193223818,8011.68118778394
3756.29223,0.00132653896769934,300812.685677679,31.2558380671863,8021.67161807144
3756.30223,0.0013319620330697,301186.853784533,31.3836160346422,8031.6494342542
3756.31223,0.00133740883258652,301560.548862458,31.5119532247494,8041.61463633221
3756.32222,0.00134287936624982,301933.770911456,31.6408496375082,8051.56722430548
3756.33222,0.00134837363405959,302306.519931525,31.7703052729183,8061.50719817401
3756.34222,0.00135389163601583,302678.795922667,31.9003201309799,8071.4345579378
3756.35222,0.00135943337211853,303050.598884881,32.0308942116929,8081.34930359683
3756.36221,0.00136499884236771,303421.928818167,32.1620275150573,8091.25143515113
3756.37221,0.00137058804676336,303792.785722525,32.2937200410731,8101.14095260067
3756.38221,0.00137620098530548,304163.169597955,32.4259717897404,8111.01785594547
3756.3922,0.00138183765799406,304533.080444458,32.558782761059,8120.88214518554
3756.4022,0.00138749806482912,304902.518262032,32.6921529550292,8130.73382032085
3756.4122,0.00139318220581065,305271.483050678,32.8260823716506,8140.57288135143
3756.4222,0.00139889008093864,305639.974810397,32.9605710109236,8150.39932827725
3756.43219,0.00140462169021311,306007.993541188,33.0956188728479,8160.21316109834
3756.44219,0.00141037703363405,306375.53924305,33.2312259574237,8170.01437981468
3756.45219,0.00141615611120146,306742.611915985,33.3673922646509,8179.80298442627
3756.46219,0.00142195892291533,307109.211559992,33.5041177945295,8189.57897493312
3756.47218,0.00142778546877568,307475.338175071,33.6414025470595,8199.34235133523
3756.48218,0.0014336357487825,307840.991761222,33.779246522241,8209.09311363259
3756.49218,0.00143950976293578,308206.172318445,33.9176497200738,8218.83126182521
3756.50218,0.00144540751123554,308570.879846741,34.0566121405581,8228.55679591309
3756.51217,0.00145132899368177,308935.114346108,34.1961337836938,8238.26971589621
3756.52217,0.00145727421027447,309298.875816548,34.336214649481,8247.9700217746
3756.53217,0.00146324316101363,309662.164258059,34.4768547379195,8257.65771354824
3756.54217,0.00146923584589927,310024.979670643,34.6180540490095,8267.33279121714
3756.55216,0.00147525226493138,310387.322054299,34.7598125827508,8276.9952547813
3756.56216,0.00148129241810995,310749.191409026,34.9021303391437,8286.6451042407
3756.57216,0.001487356305435,311110.587734826,35.0450073181879,8296.28233959537
3756.58216,0.00149344392690652,311471.511031698,35.1884435198835,8305.90696084529
3756.59215,0.0014995552825245,311831.961299643,35.3324389442306,8315.51896799047
3756.60215,0.00150569037228896,312191.938538659,35.476993591229,8325.11836103091
3756.61215,0.00151184919619989,312551.442748747,35.622107460879,8334.7051399666
3756.62214,0.00151803175425728,312910.473929907,35.7677805531803,8344.27930479753
3756.63214,0.00152423804646115,313269.03208214,35.914012868133,8353.84085552374
3756.64214,0.00153046807281149,313627.117205445,36.0608044057372,8363.38979214519
3756.65214,0.00153672183330829,313984.729299821,36.2081551659928,8372.9261146619
3756.66213,0.00154299932795157,314341.86836527,36.3560651488998,8382.44982307387
3756.67213,0.00154930055674132,314698.534401791,36.5045343544582,8391.96091738109
3756.68213,0.00155562551967753,315054.727409384,36.6535627826681,8401.45939758357
3756.69213,0.00156197421676022,315410.447388049,36.8031504335293,8410.94526368131
3756.70212,0.00156834664798937,315765.694337786,36.953297307042,8420.4185156743
3756.71212,0.001574742813365,316120.468258595,37.1040034032061,8429.87915356254
3756.72212,0.0015811627128871,316474.769150477,37.2552687220217,8439.32717734605
3756.73212,0.00158760634655567,316828.59701343,37.4070932634886,8448.76258702481
3756.74211,0.0015940737143707,317181.951847456,37.5594770276069,8458.18538259883
3756.75211,0.00160056481633221,317534.833652553,37.7124200143767,8467.59556406809
3756.76211,0.00160707965244018,317887.242428723,37.8659222237979,8476.99313143261
3756.77211,0.00161361822269463,318239.178175965,38.0199836558706,8486.3780846924
3756.7821,0.00162018052709555,318590.640894279,38.1746043105945,8495.75042384745
3756.7921,0.00162676656564294,318941.630583665,38.3297841879701,8505.11014889773
3756.8021,0.00163337633833679,319292.147244123,38.4855232879969,8514.45725984328
3756.8121,0.00164000984517712,319642.190875653,38.6418216106752,8523.79175668408
3756.82209,0.00164666708616391,319991.761478255,38.7986791560049,8533.11363942014
3756.83209,0.00165334806129718,320340.85905193,38.9560959239861,8542.42290805146
3756.84209,0.00166005277057691,320689.483596676,39.1140719146186,8551.71956257803
3756.85208,0.00166678121400312,321037.635112495,39.2726071279026,8561.00360299987
3756.86208,0.0016735333915758,321385.313599386,39.4317015638381,8570.27502931695
3756.87208,0.00168030930329494,321732.519057348,39.5913552224249,8579.53384152929
3756.88208,0.00168710894916056,322079.251486383,39.7515681036631,8588.78003963688
3756.89207,0.00169393232917265,322425.51088649,39.9123402075528,8598.01362363974
3756.90207,0.0017007794433312,322771.297257669,40.0736715340938,8607.23459353785
3756.91207,0.00170765029163623,323116.61059992,40.2355620832863,8616.4429493312
3756.92207,0.00171454487408773,323461.450913243,40.3980118551303,8625.63869101983
3756.93206,0.00172146319068569,323805.818197639,40.5610208496256,8634.8218186037
3756.94206,0.00172840524143013,324149.712453106,40.7245890667724,8643.99233208283
3756.95206,0.00173537102632103,324493.133679645,40.8887165065705,8653.15023145721
3756.96206,0.00174236054535841,324836.081877257,41.0534031690201,8662.29551672686
3756.97205,0.00174937379854225,325178.557045941,41.2186490541211,8671.42818789176
3756.98205,0.00175641078587257,325520.559185697,41.3844541618736,8680.54824495191
3756.99205,0.00176347150734936,325862.088296524,41.5508184922774,8689.65568790732
3757.00205,0.00177055596297261,326203.144378424,41.7177420453327,8698.75051675798
3757.01204,0.00177766415274234,326543.727431397,41.8852248210394,8707.83273150391
3757.02204,0.00178479607665853,326883.837455441,42.0532668193975,8716.90233214508
3757.03204,0.0017919517347212,327223.474450557,42.2218680404071,8725.95931868152
3757.04204,0.00179913112693034,327562.638416745,42.391028484068,8735.0036911132
3757.05203,0.00180633425328594,327901.329354006,42.5607481503804,8744.03544944015
3757.06203,0.00181356111378802,328239.547262338,42.7310270393442,8753.05459366235
3757.07203,0.00182081170843656,328577.292141743,42.9018651509594,8762.0611237798
3757.08203,0.00182808603723158,328914.56399222,43.073262485226,8771.05503979252
3757.09202,0.00183538410017307,329251.362813768,43.2452190421441,8780.03634170048
3757.10202,0.00184270589726102,329587.688606389,43.4177348217136,8789.0050295037
3757.11202,0.00185005142849544,329923.541370082,43.5908098239344,8797.96110320219
3757.12201,0.00185742069387634,330258.921104847,43.7644440488068,8806.90456279593
3757.13201,0.00186481369340371,330593.827810685,43.9386374963305,8815.83540828492
3757.14201,0.00187223042707754,330928.261487594,44.1133901665057,8824.75363966916
3757.15201,0.00187967089489785,331262.222135575,44.2887020593323,8833.65925694867
3757.162,0.00188713509686463,331595.709754628,44.4645731748103,8842.55226012342
3757.172,0.00189462303297787,331928.724344754,44.6410035129397,8851.43264919344
3757.182,0.00190213470323759,332261.265905952,44.8179930737205,8860.30042415871
3757.192,0.00190967010764377,332593.334438221,44.9955418571528,8869.15558501924
3757.20199,0.00191722924619643,332924.929941563,45.1736498632364,8877.99813177502
3757.21199,0.00192481211889555,333256.052415977,45.3523170919715,8886.82806442605
3757.22199,0.00193241872574115,333586.701861463,45.531543543358,8895.64538297236
3757.23199,0.00194004906673321,333916.878278021,45.711329217396,8904.4500874139
3757.24198,0.00194770314187175,334246.581665651,45.8916741140854,8913.2421777507
3757.25198,0.00195538095115675,334575.812024354,46.0725782334261,8922.02165398277
3757.26198,0.00196308249458823,334904.569354128,46.2540415754183,8930.78851611008
3757.27198,0.00197080777216617,335232.853654974,46.4360641400619,8939.54276413266
3757.28197,0.00197855678389059,335560.664926893,46.618645927357,8948.28439805048
3757.29197,0.00198632952976148,335888.003169884,46.8017869373034,8957.01341786356
3757.30197,0.00199412600977883,336214.868383947,46.9854871699013,8965.72982357191
3757.31197,0.00200194622394265,336541.260569081,47.1697466251505,8974.4336151755
3757.32196,0.00200979017225295,336867.179725288,47.3545653030513,8983.12479267436
3757.33196,0.00201765785470972,337192.625852567,47.5399432036034,8991.80335606847
3757.34196,0.00202554927131295,337517.598950918,47.7258803268069,9000.46930535783
3757.35195,0.00203346442206266,337842.099020342,47.912376672662,9009.12264054245
3757.36195,0.00204140330695883,338166.126060837,48.0994322411683,9017.76336162233
3757.37195,0.00204936592600148,338489.680072404,48.2870470323261,9026.39146859745
3757.38195,0.00205735227919059,338812.761055044,48.4752210461353,9035.00696146784
3757.39194,0.00206536236652618,339135.369008756,48.663954282596,9043.60984023348
3757.40194,0.00207339618800823,339457.503933539,48.8532467417081,9052.20010489438
3757.41194,0.00208145374363676,339779.165829395,49.0430984234715,9060.77775545053
3757.42194,0.00208953503341175,340100.354696323,49.2335093278865,9069.34279190195
3757.43193,0.00209764005733322,340421.070534323,49.4244794549528,9077.89521424861
3757.44193,0.00210576881540115,340741.313343395,49.6160088046705,9086.43502249053
3757.45193,0.00211392130761556,341061.083123539,49.8080973770397,9094.96221662771
3757.46193,0.00212209753397643,341380.379874755,50.0007451720603,9103.47679666014
3757.47192,0.00213029749448378,341699.203597044,50.1939521897323,9111.97876258783
3757.48192,0.00213852118913759,342017.554290404,50.3877184300558,9120.46811441078
3757.49192,0.00214676861793788,342335.431954837,50.5820438930306,9128.94485212898
3757.50192,0.00215503978088463,342652.836590341,50.7769285786569,9137.40897574244
3757.51191,0.00216333467797786,342969.768196918,50.9723724869345,9145.86048525115
3757.52191,0.00217165330921755,343286.226774567,51.1683756178636,9154.29938065511
3757.53191,0.00217999567460372,343602.212323288,51.3649379714442,9162.72566195434
3757.54191,0.00218836177413635,343917.724843081,51.5620595476762,9171.13932914882
3757.5519,0.00219675160781546,344232.764333946,51.7597403465596,9179.54038223855
3757.5619,0.00220516517564103,344547.330795883,51.9579803680943,9187.92882122354
3757.5719,0.00221360247761307,344861.424228892,52.1567796122805,9196.3046461038
3757.58189,0.00222206351373159,345175.044632974,52.3561380791182,9204.6678568793
3757.59189,0.00223054828399657,345488.192008127,52.5560557686072,9213.01845355006
3757.60189,0.00223905678840803,345800.866354353,52.7565326807476,9221.35643611607
3757.61189,0.00224758902696595,346113.06767165,52.9575688155395,9229.68180457734
3757.62188,0.00225614499967035,346424.79596002,53.1591641729828,9237.99455893387
3757.63188,0.00226472470652121,346736.051219462,53.3613187530775,9246.29469918565
3757.64188,0.00227332814751855,347046.833449976,53.5640325558238,9254.58222533269
3757.65188,0.00228195532266235,347357.142651562,53.7673055812213,9262.85713737498
3757.66187,0.00229060623195263,347666.97882422,53.9711378292703,9271.11943531253
3757.67187,0.00229928087538937,347976.34196795,54.1755292999707,9279.36911914534
3757.68187,0.00230797925297259,348285.232082753,54.3804799933225,9287.6061888734
3757.69187,0.00231670136470227,348593.649168627,54.5859899093258,9295.83064449671
3757.70186,0.00232544721057842,348901.593225573,54.7920590479804,9304.04248601529
3757.71186,0.00233421679060105,349209.064253592,54.9986874092866,9312.24171342912
3757.72186,0.00234301010477014,349516.062252683,55.205874993244,9320.4283267382
3757.73186,0.00235182715308571,349822.587222846,55.413621799853,9328.60232594255
3757.74185,0.00236066793554774,350128.63916408,55.6219278291133,9336.76371104214
3757.75185,0.00236953245215625,350434.218076387,55.830793081025,9344.91248203699
3757.76185,0.00237842070291122,350739.323959766,56.0402175555882,9353.0486389271
3757.77185,0.00238733268781267,351043.956814217,56.2502012528028,9361.17218171247
3757.78184,0.00239626840686058,351348.11663974,56.4607441726689,9369.28311039308
3757.79184,0.00240522786005496,351651.803436336,56.6718463151863,9377.38142496896
3757.80184,0.00241421104739582,351955.017204004,56.8835076803552,9385.46712544009
3757.81184,0.00242321796888314,352257.757942743,57.0957282681755,9393.54021180648
3757.82183,0.00243224862451694,352560.025652554,57.3085080786472,9401.60068406812
3757.83183,0.0024413030142972,352861.820333438,57.5218471117703,9409.64854222501
3757.84183,0.00245038113822394,353163.141985394,57.7357453675448,9417.68378627717
3757.85182,0.00245948299629714,353463.990608422,57.9502028459708,9425.70641622458
3757.86182,0.00246860858851681,353764.366202522,58.1652195470482,9433.71643206725
3757.87182,0.00247775791488296,354064.268767694,58.380795470777,9441.71383380518
3757.88182,0.00248693097539557,354363.698303938,58.5969306171572,9449.69862143835
3757.89181,0.00249612777005466,354662.654811254,58.8136249861888,9457.67079496678
3757.90181,0.00250534829886021,354961.138289643,59.0308785778719,9465.63035439047
3757.91181,0.00251459256181223,355259.148739103,59.2486913922064,9473.57729970942
3757.92181,0.00252386055891073,355556.686159636,59.4670634291923,9481.51163092362
3757.9318,0.00253315229015569,355853.75055124,59.6859946888296,9489.43334803307
3757.9418,0.00254246775554713,356150.341913917,59.9054851711184,9497.34245103778
3757.9518,0.00255180695508503,356446.460247666,60.1255348760585,9505.23893993775
3757.9618,0.0025611698887694,356742.105552487,60.3461438036501,9513.12281473299
3757.97179,0.00257055655660025,357037.27782838,60.5673119538931,9520.99407542346
3757.98179,0.00257996695857756,357331.977075345,60.7890393267875,9528.8527220092
3757.99179,0.00258940109470135,357626.203293382,61.0113259223334,9536.69875449019
3758.00179,0.0025988589649716,357919.956482491,61.2341717405306,9544.53217286644
3758.01178,0.00260834056938832,358213.236642673,61.4575767813793,9552.35297713794
3758.02178,0.00261784590795152,358506.043773926,61.6815410448794,9560.16116730469
3758.03178,0.00262737498066118,358798.377876252,61.9060645310309,9567.95674336671
3758.04178,0.00263692778751731,359090.238949649,62.1311472398339,9575.73970532398
3758.05177,0.00264650432851992,359381.626994119,62.3567891712882,9583.51005317651
3758.06177,0.00265610460366899,359672.542009661,62.582990325394,9591.26778692429
3758.07177,0.00266572861296454,359962.983996275,62.8097507021512,9599.01290656733
3758.08176,0.00267537635640655,360252.952953961,63.0370703015599,9606.74541210563
3758.09176,0.00268504783399504,360542.448882719,63.2649491236199,9614.46530353917
3758.10176,0.00269474304572999,360831.471782549,63.4933871683313,9622.17258086798
3758.11176,0.00270446199161141,361120.021653451,63.7223844356942,9629.86724409204
3758.12175,0.0027142046716393,361408.098495426,63.9519409257085,9637.54929321136
3758.13175,0.00272397108581367,361695.702308472,64.1820566383742,9645.21872822593
3758.14175,0.0027337612341345,361982.833092591,64.4127315736913,9652.87554913576
3758.15175,0.00274357511660181,362269.490847782,64.64396573166,9660.51975594084
3758.16174,0.00275341273321558,362555.675574044,64.8757591122799,9668.15134864118
3758.17174,0.00276327408397582,362841.387271379,65.1081117155513,9675.77032723678
3758.18174,0.00277315916888254,363126.625939786,65.3410235414742,9683.37669172763
3758.19174,0.00278306798793572,363411.391579265,65.5744945900483,9690.97044211375
3758.20173,0.00279300054113537,363695.684189817,65.808524861274,9698.55157839511
3758.21173,0.0028029568284815,363979.50377144,66.0431143551511,9706.12010057173
3758.22173,0.00281293684997409,364262.850324135,66.2782630716796,9713.6760086436
3758.23173,0.00282294060561315,364545.723847902,66.5139710108595,9721.21930261073
3758.24172,0.00283296809539869,364828.124342742,66.7502381726908,9728.74998247313
3758.25172,0.00284301931933069,365110.051808654,66.9870645571736,9736.26804823076
3758.26172,0.00285309427740916,365391.506245637,67.2244501643078,9743.77349988366
3758.27172,0.0028631929696341,365672.487653693,67.4623949940933,9751.26633743182
3758.28171,0.00287331539600552,365952.996032821,67.7008990465304,9758.74656087523
3758.29171,0.0028834615565234,366233.031383021,67.9399623216189,9766.2141702139
3758.30171,0.00289363145118775,366512.593704293,68.1795848193587,9773.66916544782
3758.3117,0.00290382507999858,366791.682996637,68.41976653975,9781.11154657699
3758.3217,0.00291404244295587,367070.299260054,68.6605074827927,9788.54131360143
3758.3317,0.00292428354005963,367348.442494542,68.9018076484867,9795.95846652112
3758.3417,0.00293454837130987,367626.112700102,69.1436670368323,9803.36300533606
3758.35169,0.00294483693670657,367903.309876735,69.3860856478292,9810.75493004627
3758.36169,0.00295514923624974,368180.03402444,69.6290634814776,9818.13424065172
3758.37169,0.00296548526993939,368456.285143216,69.8726005377774,9825.50093715244
3758.38169,0.0029758450377755,368732.063233065,70.1166968167287,9832.85501954841
3758.39168,0.00298622853975808,369007.368293986,70.3613523183313,9840.19648783963
3758.40168,0.00299663577588714,369282.200325979,70.6065670425853,9847.52534202611
3758.41168,0.00300706674616266,369556.559329044,70.8523409894908,9854.84158210785
3758.42168,0.00301752145058465,369830.445303182,71.0986741590477,9862.14520808484
3758.43167,0.00302799988915311,370103.858248391,71.345566551256,9869.43621995709
3758.44167,0.00303850206186805,370376.798164672,71.5930181661158,9876.7146177246
3758.45167,0.00304902796872945,370649.265052026,71.841029003627,9883.98040138735
3758.46167,0.00305957760973732,370921.258910451,72.0895990637895,9891.23357094536
3758.47166,0.00307015098489167,371192.779739949,72.3387283466034,9898.47412639864
3758.48166,0.00308074809419248,371463.827540519,72.5884168520688,9905.70206774716
3758.49166,0.00309136893763976,371734.402312161,72.8386645801857,9912.91739499095
3758.50166,0.00310201351523352,372004.504054874,73.089471530954,9920.12010812998
3758.51165,0.00311268182697374,372274.13276866,73.3408377043736,9927.31020716428
3758.52165,0.00312337387286043,372543.288453519,73.5927631004448,9934.48769209383
3758.53165,0.00313408965289359,372811.971109449,73.8452477191672,9941.65256291864
3758.54165,0.00314482916707322,373080.180736451,74.0982915605411,9948.80481963871
3758.55164,0.00315559241539933,373347.917334526,74.3518946245665,9955.94446225402
3758.56164,0.0031663793978719,373615.180903672,74.6060569112433,9963.07149076459
3758.57164,0.00317719011449094,373881.971443891,74.8607784205715,9970.18590517042
3758.58163,0.00318802456525646,374148.288955181,75.1160591525511,9977.2877054715
3758.59163,0.00319888275016844,374414.133437544,75.3718991071821,9984.37689166785
3758.60163,0.00320976466922689,374679.504890979,75.6282982844645,9991.45346375945
3758.61163,0.00322067032243181,374944.403315486,75.8852566843985,9998.5174217463
3758.62162,0.00323159970978321,375208.828711065,76.1427743069837,10005.5687656284
3758.63162,0.00324255283128107,375472.781077716,76.4008511522204,10012.6074954058
3758.64162,0.0032535296869254,375736.26041544,76.6594872201085,10019.6336110784
3758.65162,0.0032645302767162,375999.266724235,76.9186825106481,10026.6471126463
3758.66161,0.00327555460065348,376261.800004102,77.1784370238391,10033.6480001094
3758.67161,0.00328660265873722,376523.860255042,77.4387507596815,10040.6362734678
3758.68161,0.00329767445096743,376785.447477054,77.6996237181753,10047.6119327214
3758.69161,0.00330876997734411,377046.561670137,77.9610558993205,10054.5749778703
3758.7016,0.00331988923786727,377307.202834293,78.2230473031172,10061.5254089145
3758.7116,0.00333103223253689,377567.370969521,78.4855979295652,10068.4632258539
3758.7216,0.00334219896135298,377827.066075821,78.7487077786647,10075.3884286886
3758.7316,0.00335338942431555,378086.288153193,79.0123768504157,10082.3010174185
3758.74159,0.00336240619126153,378281.467663992,79.2248294163905,10087.5058043731
3758.75159,0.00337362880043046,378540.220284737,79.4892559152846,10094.4058742597
3758.76159,0.00338487535960362,378798.50616645,79.7542467228589,10101.293497772
3758.77159,0.00339614586878102,379056.32530913,80.0198018391134,10108.1686749101
3758.78158,0.00340744032796266,379313.677712776,80.2859212640482,10115.031405674
3758.79158,0.00341875873714854,379570.56337739,80.5526049976633,10121.8816900637
3758.80158,0.00343010109633865,379826.98230297,80.8198530399585,10128.7195280792
3758.81157,0.003441467405533,380082.934489517,81.0876653909341,10135.5449197205
3758.82157,0.00345285766473159,380338.419937031,81.3560420505898,10142.3578649875
3758.83157,0.00346427187393441,380593.438645512,81.6249830189258,10149.1583638803
3758.84157,0.00347571003314148,380847.990614961,81.894488295942,10155.946416399
3758.85156,0.00348717214235278,381102.075845376,82.1645578816385,10162.7220225434
3758.86156,0.00349865820156831,381355.694336758,82.4351917760151,10169.4851823135
3758.87156,0.00351016821078809,381608.846089107,82.7063899790722,10176.2358957095
3758.88156,0.0035217021700121,381861.531102423,82.9781524908093,10182.9741627313
3758.89155,0.00353326007924035,382113.749376705,83.2504793112267,10189.6999833788
3758.90155,0.00354484193847283,382365.500911955,83.5233704403243,10196.4133576521
3758.91155,0.00355644774770955,382616.785708172,83.7968258781023,10203.1142855512
3758.92155,0.00356807750695051,382867.603765355,84.0708456245604,10209.8027670761
3758.93154,0.00357973121619571,383117.955083506,84.3454296796988,10216.4788022268
3758.94154,0.00359140887544515,383367.839662623,84.6205780435174,10223.1423910033
3758.95154,0.00360311048469882,383617.257502708,84.8962907160162,10229.7935334055
3758.96154,0.00361483604395673,383866.208603759,85.1725676971954,10236.4322294336
3758.97153,0.00362658555321887,384114.692965777,85.4494089870546,10243.0584790874
3758.98153,0.00363835901248525,384362.710588763,85.7268145855942,10249.672282367
3758.99153,0.00365015642175587,384610.261472715,86.004784492814,10256.2736392724
3759.00153,0.00366197778103073,384857.345617634,86.283318708714,10262.8625498036
3759.01152,0.00367382309030983,385103.96302352,86.5624172332943,10269.4390139605
3759.02152,0.00368569234959316,385350.113690373,86.8420800665548,10276.0030317433
3759.03152,0.00369758555888073,385595.797618193,87.1223072084956,10282.5546031518
3759.04152,0.00370950271817254,385841.01480698,87.4030986591166,10289.0937281861
3759.05151,0.00372144382746858,386085.765256734,87.6844544184178,10295.6204068462
3759.06151,0.00373340888676886,386330.048967454,87.9663744863993,10302.1346391321
3759.07151,0.00374539789607338,386573.865939142,88.248858863061,10308.6364250438
3759.0815,0.00375741085538214,386817.216171796,88.5319075484029,10315.1257645812
3759.0915,0.00376944776469513,387060.099665418,88.8155205424251,10321.6026577445
3759.1015,0.00378150862401236,387302.516420007,89.0996978451275,10328.0671045335
3759.1115,0.00379359343333382,387544.466435562,89.3844394565102,10334.5191049483
3759.12149,0.00380570219265953,387785.949712085,89.669745376573,10340.9586589889
3759.13149,0.00381783490198947,388026.966249574,89.9556156053162,10347.3857666553
3759.14149,0.00382999156132365,388267.51604803,90.2420501427395,10353.8004279475
3759.15149,0.00384217217066206,388507.599107453,90.5290489888432,10360.2026428654
3759.16148,0.00385437673000471,388747.215427844,90.8166121436269,10366.5924114092
3759.17148,0.00386660523935161,388986.365009201,91.1047396070911,10372.9697335787
3759.18148,0.00387885769870273,389225.047851525,91.3934313792354,10379.334609374
3759.19148,0.0038911341080581,389463.263954816,91.68268746006,10385.6870387951
3759.20147,0.0039034344674177,389701.013319074,91.9725078495648,10392.027021842
3759.21147,0.00391575877678154,389938.295944298,92.2628925477498,10398.3545585146
3759.22147,0.00392810703614962,390175.11183049,92.5538415546151,10404.6696488131
3759.23147,0.00394047924552193,390411.460977649,92.8453548701606,10410.9722927373
3759.24146,0.00395287540489849,390647.343385774,93.1374324943865,10417.2624902873
3759.25146,0.00396529551427927,390882.759054867,93.4300744272923,10423.5402414631
3759.26146,0.0039777395736643,391117.707984927,93.7232806688786,10429.8055462647
3759.27146,0.00399020758305356,391352.190175953,94.017051219145,10436.0584046921
3759.28145,0.00400269954244706,391586.205627946,94.3113860780917,10442.2988167452
3759.29145,0.0040152154518448,391819.754340906,94.6062852457187,10448.5267824242
3759.30145,0.00402775531124677,392052.836314834,94.9017487220258,10454.7423017289
3759.31144,0.00404031912065298,392285.451549728,95.1977765070133,10460.9453746594
3759.32144,0.00405290688006343,392517.600045589,95.494368600681,10467.1360012157
3759.33144,0.00406551858947812,392749.281802417,95.7915250030289,10473.3141813978
3759.34144,0.00407815424889704,392980.496820212,96.089245714057,10479.4799152057
3759.35143,0.0040908138583202,393211.245098974,96.3875307337653,10485.6332026393
3759.36143,0.0041034974177476,393441.526638703,96.686380062154,10491.7740436988
3759.37143,0.00411620492717923,393671.341439399,96.9857936992228,10497.902438384
3759.38143,0.0041289363866151,393900.689501062,97.2857716449719,10504.018386695
3759.39142,0.00414169179605521,394129.570823692,97.5863138994013,10510.1218886318
3759.40142,0.00415447115549955,394357.985407288,97.8874204625107,10516.2129441944
3759.41142,0.00416727446494814,394585.933251852,98.1890913343006,10522.2915533827
3759.42142,0.00418010172440096,394813.414357382,98.4913265147706,10528.3577161969
3759.43141,0.00419295293385802,395040.42872388,98.7941260039209,10534.4114326368
3759.44141,0.00420582809331932,395266.976351344,99.0974898017515,10540.4527027025
3759.45141,0.00421872720278485,395493.057239776,99.4014179082621,10546.481526394
3759.46141,0.00423165026225462,395718.671389174,99.7059103234532,10552.4979037113
3759.4714,0.00424459727172862,395943.818799539,100.010967047324,10558.5018346544
3759.4814,0.00425756823120687,396168.499470871,100.316588079876,10564.4933192232
3759.4914,0.00427056314068935,396392.713403171,100.622773421108,10570.4723574179
3759.5014,0.00428358200017607,396616.460596436,100.92952307102,10576.4389492383
3759.51139,0.00429662480966702,396839.74105067,101.236837029612,10582.3930946845
3759.52139,0.00430969156916222,397062.55476587,101.544715296884,10588.3347937565
3759.53139,0.00432278227866165,397284.901742037,101.853157872837,10594.2640464543
3759.54138,0.00433589693816531,397506.78197917,102.16216475747,10600.1808527779
3759.55138,0.00434903554767322,397728.195477271,102.471735950783,10606.0852127272
3759.56138,0.00436219810718536,397949.142236338,102.781871452776,10611.9771263024
3759.57138,0.00437538461670174,398169.622256373,103.09257126345,10617.8565935033
3759.58137,0.00438859507622235,398389.635537375,103.403835382804,10623.72361433
3759.59137,0.00440182948574721,398609.182079343,103.715663810838,10629.5781887825
3759.60137,0.0044150878452763,398828.261882279,104.028056547552,10635.4203168608
3759.61137,0.00442837015480963,399046.874946181,104.341013592947,10641.2499985648
3759.62136,0.00444167641434719,399265.02127105,104.654534947021,10647.0672338947
3759.63136,0.00445500662388899,399482.700856887,104.968620609776,10652.8720228503
3759.64136,0.00446836078343503,399699.91370369,105.283270581212,10658.6643654317
3759.65136,0.00448173889298531,399916.65981146,105.598484861327,10664.4442616389
3759.66135,0.00449514095253983,400132.939180197,105.914263450123,10670.2117114719
3759.67135,0.00450856696209858,400348.751809901,106.230606347599,10675.9667149307
3759.68135,0.00452201692166157,400564.097700572,106.547513553755,10681.7092720152
3759.69135,0.00453549083122879,400778.97685221,106.864985068592,10687.4393827256
3759.70134,0.00454898869080025,400993.389264814,107.183020892108,10693.1570470617
3759.71134,0.00456251050037596,401207.334938387,107.501621024305,10698.8622650236
3759.72134,0.00457605625995589,401420.813872925,107.820785465183,10704.5550366113
3759.73134,0.00458962596954006,401633.826068431,108.14051421474,10710.2353618248
3759.74133,0.00460321962912848,401846.371524904,108.460807272978,10715.9032406641
3759.75133,0.00461683723872112,402058.450242343,108.781664639896,10721.5586731292
3759.76133,0.00463047879831801,402270.06222075,109.103086315494,10727.20165922
3759.77133,0.00464414430791914,402481.207460123,109.425072299772,10732.8321989366
3759.78132,0.0046578337675245,402691.885960463,109.747622592731,10738.450292279
3759.79132,0.0046715471771341,402902.097721771,110.07073719437,10744.0559392472
3759.80132,0.00468528453674793,403111.842744045,110.394416104689,10749.6491398412
3759.81131,0.004699045846366,403321.121027286,110.718659323688,10755.229894061
3759.82131,0.00471283110598831,403529.932571494,111.043466851367,10760.7982019065
3759.83131,0.00472664031561485,403738.277376669,111.368838687727,10766.3540633778
3759.84131,0.00474047347524564,403946.155442811,111.694774832767,10771.897478475
3759.8513,0.00475433058488066,404153.56676992,112.021275286488,10777.4284471979
3759.8613,0.00476821164451992,404360.511357996,112.348340048888,10782.9469695466
3759.8713,0.00478211665416342,404566.989207038,112.675969119969,10788.453045521
3759.8813,0.00479604561381115,404773.000317048,113.00416249973,10793.9466751213
3759.89129,0.00480999852346312,404978.544688025,113.332920188171,10799.4278583473
3759.90129,0.00482397538311932,405183.622319968,113.662242185293,10804.8965951992
3759.91129,0.00483797619277977,405388.233212879,113.992128491094,10810.3528856768
3759.92129,0.00485200095244445,405592.377366756,114.322579105576,10815.7967297802
3759.93128,0.00486604966211337,405796.054781601,114.653594028738,10821.2281275094
3759.94128,0.00488012232178653,405999.265457412,114.985173260581,10826.6470788643
3759.95128,0.00489421893146392,406202.00939419,115.317316801104,10832.0535838451
3759.96128,0.00490833949114555,406404.286591936,115.650024650306,10837.4476424516
3759.97127,0.00492248400083142,406606.097050648,115.98329680819,10842.8292546839
3759.98127,0.00493665246052152,406807.440770327,116.317133274753,10848.1984205421
3759.99127,0.00495084487021587,407008.317750973,116.651534049997,10853.555140026
3760.00127,0.00496506122991445,407208.727992586,116.98649913392,10858.8994131356
3760.01126,0.00497930153961727,407408.671495166,117.322028526525,10864.2312398711
3760.02126,0.00499356579932432,407608.148258713,117.658122227809,10869.5506202323
3760.03126,0.00500785400903561,407807.158283226,117.994780237774,10874.8575542194
3760.04125,0.00502216616875114,408005.701568707,118.332002556418,10880.1520418322
3760.05125,0.0050365022784709,408203.778115155,118.669789183743,10885.4340830708
3760.06125,0.0050508623381949,408401.38792257,119.008140119749,10890.7036779352
3760.07125,0.00506524634792315,408598.530990951,119.347055364434,10895.9608264254
3760.08124,0.00507965430765562,408795.2073203,119.6865349178,10901.2055285413
3760.09124,0.00509408621739233,408991.416910615,120.026578779846,10906.4377842831
3760.10124,0.00510854207713328,409187.159761897,120.367186950572,10911.6575936506
3760.11124,0.00512302188687848,409382.435874147,120.708359429979,10916.8649566439
3760.12123,0.0051375256466279,409577.245247363,121.050096218065,10922.059873263
3760.13123,0.00515205335638157,409771.587881546,121.392397314832,10927.2423435079
3760.14123,0.00516660501613947,409965.463776696,121.735262720279,10932.4123673786
3760.15123,0.0051811806259016,410158.872932813,122.078692434407,10937.569944875
3760.16122,0.00519578018566798,410351.815349897,122.422686457214,10942.7150759973
3760.17122,0.00521040369543859,410544.291027948,122.767244788702,10947.8477607453
3760.18122,0.00522505115521344,410736.299966966,123.112367428871,10952.9679991191
3760.19122,0.00523972256499253,410927.842166951,123.458054377719,10958.0757911187
3760.20121,0.00525441792477585,411118.917627903,123.804305635248,10963.1711367441
3760.21121,0.00526913723456341,411309.526349821,124.151121201456,10968.2540359952
3760.22121,0.00528388049435521,411499.668332707,124.498501076346,10973.3244888722
3760.23121,0.00529864770415125,411689.34357656,124.846445259915,10978.3824953749
3760.2412,0.00531343886395152,411878.55208138,125.194953752164,10983.4280555035
3760.2512,0.00532825397375602,412067.293847166,125.544026553094,10988.4611692578
3760.2612,0.00534309303356478,412255.568873919,125.893663662704,10993.4818366379
3760.27119,0.00535795604337776,412443.377161639,126.243865080995,10998.4900576437
3760.28119,0.00537284300319497,412630.718710327,126.594630807965,11003.4858322754
3760.29119,0.00538775391301644,412817.593519981,126.945960843616,11008.4691605328
3760.30119,0.00540268877284214,413004.001590602,127.297855187947,11013.4400424161
3760.31118,0.00541764758267207,413189.94292219,127.650313840958,11018.3984779251
3760.32118,0.00543263034250624,413375.417514745,128.00333680265,11023.3444670599
3760.33118,0.00544763705234465,413560.425368267,128.356924073021,11028.2780098205
3760.34118,0.0054626677121873,413744.966482756,128.711075652073,11033.1991062068
3760.35117,0.00547772232203418,413929.040858212,129.065791539805,11038.107756219
3760.36117,0.00549280088188529,414112.648494635,129.421071736218,11043.0039598569
3760.37117,0.00550790339174065,414295.789392025,129.77691624131,11047.8877171207
3760.38117,0.00552302985160024,414478.463550381,130.133325055083,11052.7590280102
3760.39116,0.00553818026146407,414660.670969705,130.490298177536,11057.6178925255
3760.40116,0.00555335462133214,414842.411649995,130.84783560867,11062.4643106665
3760.41116,0.00556855293120445,415023.685591253,131.205937348484,11067.2982824334
3760.42116,0.00558377519108098,415204.492793477,131.564603396977,11072.1198078261
3760.43115,0.00559902140096178,415384.833256668,131.923833754152,11076.9288868445
3760.44115,0.00561429156084679,415564.706980827,132.283628420006,11081.7255194887
3760.45115,0.00562958567073604,415744.113965952,132.64398739454,11086.5097057587
3760.46115,0.00564490373062954,415923.054212044,133.004910677755,11091.2814456545
3760.47114,0.00566024574052727,416101.527719103,133.36639826965,11096.0407391761
3760.48114,0.00567561170042923,416279.534487129,133.728450170226,11100.7875863234
3760.49114,0.00569100161033543,416457.074516122,134.091066379481,11105.5219870966
3760.50114,0.00570641547024587,416634.147806082,134.454246897417,11110.2439414955
3760.51113,0.00572185328016055,416810.754357009,134.817991724033,11114.9534495202
3760.52113,0.00573731504007947,416986.894168903,135.182300859329,11119.6505111707
3760.53113,0.00575280075000262,417162.567241764,135.547174303306,11124.335126447
3760.54112,0.00576831040993,417337.773575592,135.912612055962,11129.0072953491
3760.55112,0.00578384401986163,417512.513170386,136.278614117299,11133.667017877
3760.56112,0.00579940157979749,417686.786026147,136.645180487316,11138.3142940306
3760.57112,0.0058149830897376,417860.592142876,137.012311166014,11142.94912381
3760.58111,0.00583058854968194,418033.931520572,137.380006153392,11147.5715072152
3760.59111,0.0058462179596305,418206.804159234,137.748265449449,11152.1814442462
3760.60111,0.00586187131958332,418379.210058863,138.117089054187,11156.778934903
3760.61111,0.00587754862954037,418551.149219459,138.486476967606,11161.3639791856
3760.6211,0.00589324988950166,418722.621641023,138.856429189705,11165.9365770939
3760.6311,0.00590897509946719,418893.627323553,139.226945720483,11170.4967286281
3760.6411,0.00592472425943694,419064.16626705,139.598026559942,11175.044433788
3760.6511,0.00594049736941094,419234.238471513,139.969671708082,11179.5796925737
3760.66109,0.00595629442938918,419403.843936944,140.341881164901,11184.1025049852
3760.67109,0.00597211543937165,419572.982663342,140.714654930401,11188.6128710225
3760.68109,0.00598796039935836,419741.654650708,141.087993004581,11193.1107906855
3760.69109,0.00600382930934931,419909.859899039,141.461895387442,11197.5962639744
3760.70108,0.00601972216934449,420077.598408338,141.836362078982,11202.069290889
3760.71108,0.00603563897934391,420244.870178603,142.211393079203,11206.5298714294
3760.72108,0.00605157973934757,420411.675209836,142.586988388104,11210.9780055956
3760.73108,0.00606754444935548,420578.013502035,142.963148005685,11215.4136933876
3760.74107,0.0060835331093676,420743.885055202,143.339871931947,11219.8369348054
3760.75107,0.00609954571938398,420909.289869335,143.717160166888,11224.2477298489
3760.76107,0.00611558227940459,421074.227944436,144.09501271051,11228.6460785183
3760.77106,0.00613164278942943,421238.699280503,144.473429562813,11233.0319808134
3760.78106,0.00614772724945851,421402.703877537,144.852410723795,11237.4054367343
3760.79106,0.00616383565949183,421566.241735538,145.231956193457,11241.766446281
3760.80106,0.00617996801952939,421729.312854506,145.612065971801,11246.1150094535
3760.81105,0.00619612432957119,421891.917234442,145.992740058824,11250.4511262518
3760.82105,0.00621230458961721,422054.054875344,146.373978454527,11254.7747966758
3760.83105,0.00622850879966748,422215.725777212,146.755781158911,11259.0860207257
3760.84105,0.00624473695972198,422376.929940048,147.138148171974,11263.3847984013
3760.85104,0.00626098906978073,422537.667363851,147.521079493719,11267.6711297027
3760.86104,0.00627726512984371,422697.93804862,147.904575124143,11271.9450146299
3760.87104,0.00629356513991093,422857.741994357,148.288635063247,11276.2064531829
3760.88104,0.00630988909998238,423017.079201061,148.673259311032,11280.4554453616
3760.89103,0.00632623701005807,423175.949668731,149.058447867497,11284.6919911662
3760.90103,0.006342608870138,423334.353397369,149.444200732643,11288.9160905965
3760.91103,0.00635900468022217,423492.290386973,149.830517906468,11293.1277436526
3760.92103,0.00637542444031058,423649.760637545,150.217399388974,11297.3269503345
3760.93102,0.00639186815040322,423806.764149083,150.60484518016,11301.5137106422
3760.94102,0.00640833581050009,423963.300921588,150.992855280026,11305.6880245757
3760.95102,0.00642482742060121,424119.37095506,151.381429688573,11309.8498921349
3760.96102,0.00644134298070656,424274.9742495,151.770568405799,11313.99931332
3760.97101,0.00645788249081615,424430.110804906,152.160271431706,11318.1362881308
3760.98101,0.00647444595092998,424584.780621279,152.550538766294,11322.2608165674
3760.99101,0.00649103336104804,424738.983698619,152.941370409561,11326.3728986298
3761.001,0.00650764472117034,424892.720036926,153.332766361509,11330.472534318
3761.011,0.00652428003129688,425045.989636199,153.724726622136,11334.559723632
3761.021,0.00654093929142765,425198.79249644,154.117251191445,11338.6344665717
3761.031,0.00655762250156267,425351.128617647,154.510340069433,11342.6967631373
3761.04099,0.00657432966170191,425502.997999822,154.903993256102,11346.7466133286
3761.05099,0.00659106077184541,425654.400642964,155.298210751451,11350.7840171457
3761.06099,0.00660781583199313,425805.336547072,155.692992555479,11354.8089745886
3761.07099,0.00662459484214509,425955.805712147,156.088338668189,11358.8214856573
3761.08098,0.00664139780230129,426105.80813819,156.484249089578,11362.8215503517
3761.09098,0.00665822471246172,426255.343825199,156.880723819648,11366.809168672
3761.10098,0.0066750755726264,426404.412773176,157.277762858398,11370.784340618
3761.11098,0.00669195038279531,426553.014982119,157.675366205829,11374.7470661898
3761.12097,0.00670884914296846,426701.150452028,158.073533861939,11378.6973453874
3761.13097,0.00672577185314584,426848.819182906,158.47226582673,11382.6351782108
3761.14097,0.00674271851332746,426996.02117475,158.871562100201,11386.56056466
3761.15097,0.00675968912351332,427142.756427561,159.271422682352,11390.473504735
3761.16096,0.00677668368370343,427289.024941339,159.671847573184,11394.3739984357
3761.17096,0.00679370219389776,427434.826716083,160.072836772696,11398.2620457622
3761.18096,0.00681074465409633,427580.161751795,160.474390280887,11402.1376467145
3761.19096,0.00682781106429913,427725.030048474,160.876508097759,11406.0008012927
3761.20095,0.00684490142450618,427869.43160612,161.279190223312,11409.8515094965
3761.21095,0.00686201573471746,428013.366424733,161.682436657545,11413.6897713262
3761.22095,0.00687915399493299,428156.834504312,162.086247400458,11417.5155867817
3761.23095,0.00689631620515274,428299.835844858,162.490622452051,11421.3289558629
3761.24094,0.00691350236537674,428442.370446372,162.895561812324,11425.1298785699
3761.25094,0.00693071247560497,428584.438308852,163.301065481278,11428.9183549027
3761.26094,0.00694794653583744,428726.039432299,163.707133458912,11432.6943848613
3761.27093,0.00696520454607415,428867.173816713,164.113765745226,11436.4579684457
3761.28093,0.00698248650631509,429007.841462095,164.52096234022,11440.2091056559
3761.29093,0.00699979241656027,429148.042368443,164.928723243895,11443.9477964918
3761.30093,0.00701712227680969,429287.776535757,165.33704845625,11447.6740409535
3761.31092,0.00703447608706334,429427.04396404,165.745937977284,11451.3878390411
3761.32092,0.00705185384732123,429565.844653289,166.155391807,11455.0891907544
3761.33092,0.00706925555758336,429704.178603504,166.565409945395,11458.7780960934
3761.34092,0.00708668121784973,429842.045814688,166.975992392471,11462.4545550583
3761.35091,0.00710413082812033,429979.446286837,167.387139148227,11466.118567649
3761.36091,0.00712160438839517,430116.380019953,167.798850212663,11469.7701338654
3761.37091,0.00713910189867426,430252.847014037,168.21112558578,11473.4092537077
3761.38091,0.00715662335895757,430388.847269088,168.623965267577,11477.0359271757
3761.3909,0.00717416876924512,430524.380785105,169.037369258054,11480.6501542695
3761.4009,0.00719173812953691,430659.44756209,169.451337557211,11484.2519349891
3761.4109,0.00720933143983293,430794.047600041,169.865870165048,11487.8412693344
3761.4209,0.00722694870013321,430928.180898959,170.280967081566,11491.4181573056
3761.43089,0.0072445899104377,431061.847458844,170.696628306764,11494.9825989025
3761.44089,0.00726225507074644,431195.047279697,171.112853840642,11498.5345941252
3761.45089,0.00727994418105942,431327.780361516,171.5296436832,11502.0741429737
3761.46089,0.00729765724137664,431460.046704302,171.946997834439,11505.601245448
3761.47088,0.00731539425169808,431591.846308055,172.364916294358,11509.1159015481
3761.48088,0.00733315521202377,431723.179172774,172.783399062957,11512.618111274
3761.49088,0.0073509401223537,431854.045298462,173.202446140236,11516.1078746256
3761.50087,0.00736874898268784,431984.444685115,173.622057526195,11519.5851916031
3761.51087,0.00738658179302627,432114.377332736,174.042233220836,11523.0500622063
3761.52087,0.00740443855336889,432243.843241324,174.462973224156,11526.5024864353
3761.53087,0.00742231926371577,432372.842410878,174.884277536156,11529.9424642901
3761.54086,0.00744022392406688,432501.3748414,175.306146156836,11533.3699957707
3761.55086,0.00745815253442222,432629.440532888,175.728579086197,11536.785080877
3761.56086,0.00747610509478182,432757.039485344,176.151576324238,11540.1877196092
3761.57086,0.00749408160514563,432884.171698766,176.575137870959,11543.5779119671
3761.58085,0.00751208206551369,433010.837173156,176.999263726361,11546.9556579508
3761.59085,0.007530106475886,433137.035908512,177.423953890443,11550.3209575603
3761.60085,0.00754815483626253,433262.767904835,177.849208363205,11553.6738107956
3761.61085,0.0075662271466433,433388.033162125,178.275027144647,11557.0142176567
3761.62084,0.0075843234070283,433512.831680382,178.701410234769,11560.3421781435
3761.63084,0.00760244361741755,433637.163459605,179.128357633572,11563.6576922561
3761.64084,0.00762058777781104,433761.028499797,179.555869341055,11566.9607599946
3761.65084,0.00763875588820875,433884.426800955,179.983945357218,11570.2513813588
3761.66083,0.00765694794861072,434007.358363079,180.412585682061,11573.5295563488
3761.67083,0.00767516395901691,434129.823186171,180.841790315585,11576.7952849646
3761.68083,0.00769340391942734,434251.82127023,181.271559257789,11580.0485672061
3761.69083,0.00771166782984202,434373.352615256,181.701892508673,11583.2894030735
3761.70082,0.00772995569026091,434494.417221249,182.132790068237,11586.5177925666
3761.71082,0.00774826750068407,434615.015088208,182.564251936482,11589.7337356855
3761.72082,0.00776660326111144,434735.146216135,182.996278113407,11592.9372324303
3761.73081,0.00778496297154306,434854.810605027,183.428868599012,11596.1282828007
3761.74081,0.00780334663197892,434974.008254888,183.862023393297,11599.306886797
3761.75081,0.007821754242419,435092.739165716,184.295742496262,11602.4730444191
3761.76081,0.00784018580286333,435211.003337509,184.730025907908,11605.6267556669
3761.7708,0.0078586413133119,435328.800770271,185.164873628234,11608.7680205405
3761.7808,0.00787712077376471,435446.131463999,185.600285657241,11611.89683904
3761.7908,0.00789562418422174,435562.995418694,186.036261994927,11615.0132111652
3761.8008,0.00791415154468303,435679.392634355,186.472802641294,11618.1171369161
3761.81079,0.00793270285514855,435795.323110984,186.909907596341,11621.2086162929
3761.82079,0.0079512781156183,435910.78684858,187.347576860068,11624.2876492955
3761.83079,0.00796987732609229,436025.783847144,187.785810432476,11627.3542359238
3761.84079,0.00798850048657052,436140.314106672,188.224608313563,11630.4083761779
3761.85078,0.00800714759705297,436254.37762717,188.663970503331,11633.4500700579
3761.86078,0.00802581865753968,436367.974408633,189.103897001779,11636.4793175636
3761.87078,0.00804451366803062,436481.104451063,189.544387808907,11639.496118695
3761.88078,0.00806323262852579,436593.767754462,189.985442924716,11642.5004734523
3761.89077,0.00808197553902521,436705.964318825,190.427062349205,11645.4923818353
3761.90077,0.00810074239952887,436817.694144157,190.869246082374,11648.4718438442
3761.91077,0.00811953321003676,436928.957230455,191.311994124224,11651.4388594788
3761.92077,0.00813834797054887,437039.753577719,191.755306474753,11654.3934287392
