Time,Velocity,Pressure,Gamma,Tau
5785.55401,1.47561929633719,572662.99768396,2348.52105133847,7635.50663578614
5785.56401,1.47661716388701,572969.873414601,2350.10920686953,7639.59831219468
5785.57401,1.47762807057638,573276.723616761,2351.71811483571,7643.68964822348
5785.584,1.47865201640531,573583.54829044,2353.34777523704,7647.78064387253
5785.594,1.47968900137379,573890.347435637,2354.99818807349,7651.87129914183
5785.604,1.48073902548182,574197.121052354,2356.66935334507,7655.96161403139
5785.61399,1.4818020887294,574503.869140591,2358.36127105179,7660.05158854121
5785.62399,1.48287819111653,574810.591700346,2360.07394119364,7664.14122267128
5785.63399,1.48396733264321,575117.28873162,2361.80736377062,7668.2305164216
5785.64399,1.48506951330945,575423.960234414,2363.56153878274,7672.31946979219
5785.65398,1.48618473311524,575730.606208727,2365.33646622999,7676.40808278302
5785.66398,1.48731299206058,576037.226654559,2367.13214611238,7680.49635539412
5785.67398,1.48845429014546,576343.82157191,2368.94857842989,7684.58428762547
5785.68398,1.48960862736991,576650.39096078,2370.78576318254,7688.67187947707
5785.69397,1.4907760037339,576956.93482117,2372.64370037031,7692.75913094893
5785.70397,1.49195641923744,577263.453153078,2374.52238999323,7696.84604204103
5785.71397,1.49314987388054,577569.945956505,2376.42183205128,7700.9326127534
5785.72397,1.49435636766318,577876.413231452,2378.34202654446,7705.01884308603
5785.73396,1.49557590058538,578182.854977918,2380.28297347277,7709.1047330389
5785.74396,1.49680847264713,578489.271195902,2382.24467283621,7713.19028261203
5785.75396,1.49805408384844,578795.661885407,2384.22712463479,7717.27549180542
5785.76396,1.49931273418929,579102.02704643,2386.2303288685,7721.36036061906
5785.77395,1.50058442366969,579408.366678972,2388.25428553735,7725.44488905296
5785.78395,1.50186915228965,579714.680783034,2390.29899464132,7729.52907710711
5785.79395,1.50316692004916,580020.969358614,2392.36445618043,7733.61292478152
5785.80395,1.50447772694822,580327.232405714,2394.45067015467,7737.69643207619
5785.81394,1.50580157298682,580633.469924333,2396.55763656405,7741.77959899111
5785.82394,1.50713845816499,580939.681914471,2398.68535540855,7745.86242552628
5785.83394,1.5084883824827,581245.868376128,2400.8338266882,7749.94491168171
5785.84394,1.50985134593996,581552.029309304,2403.00305040296,7754.02705745739
5785.85393,1.51122734853678,581858.164714,2405.19302655287,7758.10886285333
5785.86393,1.51261639027315,582164.274590214,2407.40375513791,7762.19032786952
5785.87393,1.51401847114907,582470.358937948,2409.63523615808,7766.27145250598
5785.88392,1.51543359116454,582776.417757201,2411.88746961339,7770.35223676268
5785.89392,1.51686175031956,583082.451047972,2414.16045550382,7774.43268063963
5785.90392,1.51830294861413,583388.458810263,2416.45419382939,7778.51278413685
5785.91392,1.51975718604826,583694.441044074,2418.76868459009,7782.59254725432
5785.92391,1.52122446262193,584000.397749403,2421.10392778593,7786.67196999204
5785.93391,1.52270477833516,584306.328926251,2423.4599234169,7790.75105235002
5785.94391,1.52419813318794,584612.234574619,2425.836671483,7794.82979432826
5785.95391,1.52570452718027,584918.114694505,2428.23417198423,7798.90819592674
5785.9639,1.52722396031216,585223.969285911,2430.6524249206,7802.98625714548
5785.9739,1.52875643258359,585529.798348836,2433.0914302921,7807.06397798449
5785.9839,1.53030194399457,585835.60188328,2435.55118809873,7811.14135844374
5785.9939,1.53186049454511,586141.379889244,2438.0316983405,7815.21839852325
5786.00389,1.5334320842352,586447.132366726,2440.5329610174,7819.29509822302
5786.01389,1.53501671306484,586752.859315727,2443.05497612943,7823.37145754303
5786.02389,1.53661438103403,587058.560736249,2445.59774367659,7827.44747648331
5786.03389,1.53822508814277,587364.236628288,2448.16126365889,7831.52315504384
5786.04388,1.53984883439107,587669.886991847,2450.74553607632,7835.59849322462
5786.05388,1.54148561977891,587975.511826925,2453.35056092888,7839.67349102566
5786.06388,1.54313544430631,588281.111133522,2455.97633821657,7843.74814844696
5786.07388,1.54479830797326,588586.684911638,2458.6228679394,7847.82246548851
5786.08387,1.54647421077976,588892.233161273,2461.29015009736,7851.89644215031
5786.09387,1.54816315272581,589197.755882428,2463.97818469045,7855.97007843238
5786.10387,1.54986513381141,589503.253075102,2466.68697171868,7860.04337433469
5786.11386,1.55158015403657,589808.724739295,2469.41651118204,7864.11632985727
5786.12386,1.55330821340127,590114.170875006,2472.16680308053,7868.18894500008
5786.13386,1.55504931190553,590419.591482238,2474.93784741415,7872.26121976317
5786.14386,1.55680344954934,590724.986560988,2477.72964418291,7876.3331541465
5786.15385,1.5585706263327,591030.356111257,2480.5421933868,7880.40474815009
5786.16385,1.56035084225561,591335.700133045,2483.37549502583,7884.47600177393
5786.17385,1.56214409731807,591641.018626353,2486.22954909998,7888.54691501804
5786.18385,1.56395039152009,591946.311591179,2489.10435560927,7892.61748788239
5786.19384,1.56576972486165,592251.579027526,2491.99991455369,7896.68772036701
5786.20384,1.56760209734277,592556.82093539,2494.91622593325,7900.75761247187
5786.21384,1.56944750896344,592862.037314775,2497.85328974793,7904.827164197
5786.22384,1.57130595972366,593167.228165678,2500.81110599775,7908.89637554237
5786.23383,1.57317744962343,593472.393488101,2503.78967468271,7912.96524650801
5786.24383,1.57506197866276,593777.533282041,2506.78899580279,7917.03377709389
5786.25383,1.57695954684163,594082.647547502,2509.80906935801,7921.10196730003
5786.26383,1.57887015416006,594387.736284482,2512.84989534836,7925.16981712643
5786.27382,1.58079380061804,594692.799492981,2515.91147377385,7929.23732657308
5786.28382,1.58273048621556,594997.837172999,2518.99380463446,7933.30449563998
5786.29382,1.58468021095265,595302.849324536,2522.09688793021,7937.37132432715
5786.30382,1.58664297482928,595607.835947592,2525.22072366109,7941.43781263456
5786.31381,1.58861877784546,595912.797042168,2528.36531182711,7945.50396056223
5786.32381,1.5906076200012,596217.732608262,2531.53065242826,7949.56976811017
5786.33381,1.59260950129649,596522.642645876,2534.71674546454,7953.63523527835
5786.3438,1.59462442173132,596827.527155009,2537.92359093595,7957.70036206679
5786.3538,1.59665238130571,597132.386135661,2541.1511888425,7961.76514847548
5786.3638,1.59869338001965,597437.219587832,2544.39953918418,7965.82959450442
5786.3738,1.60074741787315,597742.027511523,2547.66864196099,7969.89370015363
5786.38379,1.60281449486619,598046.809906731,2550.95849717293,7973.95746542309
5786.39379,1.60489461099879,598351.56677346,2554.26910482001,7978.0208903128
5786.40379,1.60698776627093,598656.298111707,2557.60046490223,7982.08397482277
5786.41379,1.60909396068263,598961.003921474,2560.95257741957,7986.14671895299
5786.42378,1.61121319423388,599265.68420276,2564.32544237205,7990.20912270347
5786.43378,1.61334546692468,599570.338955565,2567.71905975965,7994.2711860742
5786.44378,1.61549077875504,599874.968179889,2571.13342958239,7998.33290906519
5786.45378,1.61764912972494,600179.571875732,2574.56855184027,8002.39429167643
5786.46377,1.61982051983439,600484.150043095,2578.02442653327,8006.45533390793
5786.47377,1.6220049490834,600788.702681976,2581.50105366141,8010.51603575968
5786.48377,1.62420241747196,601093.229792377,2584.99843322469,8014.57639723169
5786.49377,1.62641292500007,601397.731374297,2588.51656522309,8018.63641832396
5786.50376,1.62863647166773,601702.207427736,2592.05544965663,8022.69609903648
5786.51376,1.63087305747495,602006.657952694,2595.6150865253,8026.75543936925
5786.52376,1.63312268242171,602311.082949171,2599.19547582911,8030.81443932228
5786.53376,1.63538534650803,602615.482417167,2602.79661756805,8034.87309889556
5786.54375,1.6376610497339,602919.856356682,2606.41851174212,8038.9314180891
5786.55375,1.63994979209931,603224.204767716,2610.06115835132,8042.98939690289
5786.56375,1.64225157360428,603528.527650271,2613.72455739565,8047.04703533694
5786.57375,1.64456639424881,603832.825004343,2617.40870887512,8051.10433339124
5786.58374,1.64689425403288,604137.096829936,2621.11361278972,8055.16129106581
5786.59374,1.6492351529565,604441.343127046,2624.83926913946,8059.21790836062
5786.60374,1.65158909101968,604745.563895677,2628.58567792433,8063.27418527569
5786.61373,1.65395606822241,605049.759135826,2632.35283914432,8067.33012181102
5786.62373,1.65633608456469,605353.928847494,2636.14075279946,8071.38571796659
5786.63373,1.65872914004652,605658.073030683,2639.94941888972,8075.44097374243
5786.64373,1.6611352346679,605962.191685389,2643.77883741512,8079.49588913852
5786.65372,1.66355436842883,606266.284811615,2647.62900837565,8083.55046415487
5786.66372,1.66598654132932,606570.35240936,2651.49993177132,8087.60469879146
5786.67372,1.66843175336936,606874.394478624,2655.39160760211,8091.65859304832
5786.68372,1.67089000454894,607178.411019407,2659.30403586804,8095.71214692543
5786.69371,1.67336129486808,607482.40203171,2663.2372165691,8099.7653604228
5786.70371,1.67584562432677,607786.367515531,2667.1911497053,8103.81823354042
5786.71371,1.67834299292502,608090.307470872,2671.16583527663,8107.87076627829
5786.72371,1.68085340066281,608394.221897731,2675.16127328308,8111.92295863642
5786.7337,1.68337684754016,608698.11079611,2679.17746372468,8115.97481061481
5786.7437,1.68591333355705,609001.974166009,2683.2144066014,8120.02632221345
5786.7537,1.6884628587135,609305.812007425,2687.27210191327,8124.07749343234
5786.7637,1.6910254230095,609609.624320362,2691.35054966025,8128.12832427149
5786.77369,1.69360102644505,609913.411104818,2695.44974984238,8132.1788147309
5786.78369,1.69618966902016,610217.172360792,2699.56970245964,8136.22896481056
5786.79369,1.69879135073481,610520.908088285,2703.71040751203,8140.27877451047
5786.80369,1.70140607158902,610824.618287298,2707.87186499955,8144.32824383064
5786.81368,1.70403383158277,611128.302957831,2712.05407492221,8148.37737277108
5786.82368,1.70667463071608,611431.962099882,2716.25703728,8152.42616133176
5786.83368,1.70932846898894,611735.595713452,2720.48075207292,8156.47460951269
5786.84367,1.71199534640135,612039.203798542,2724.72521930097,8160.52271731389
5786.85367,1.71467526295332,612342.78635515,2728.99043896416,8164.57048473534
5786.86367,1.71736821864483,612646.343383278,2733.27641106248,8168.61791177704
5786.87367,1.7200742134759,612949.874882924,2737.58313559593,8172.66499843899
5786.88366,1.72279324744652,613253.380854091,2741.91061256452,8176.71174472121
5786.89366,1.72552532055668,613556.861296776,2746.25884196824,8180.75815062367
5786.90366,1.72827043280641,613860.316210979,2750.62782380709,8184.80421614639
5786.91366,1.73102858419568,614163.745596703,2755.01755808107,8188.84994128937
5786.92365,1.7337997747245,614467.149453945,2759.42804479019,8192.8953260526
5786.93365,1.73658400439288,614770.527782706,2763.85928393444,8196.94037043609
5786.94365,1.7393812732008,615073.880582987,2768.31127551382,8200.98507443983
5786.95365,1.74219158114828,615377.207854787,2772.78401952834,8205.02943806383
5786.96364,1.74501492823531,615680.509598106,2777.27751597798,8209.07346130808
5786.97364,1.74785131446189,615983.785812944,2781.79176486277,8213.11714417259
5786.98364,1.75070073982802,616287.036499302,2786.32676618268,8217.16048665736
5786.99364,1.7535632043337,616590.261657178,2790.88251993772,8221.20348876237
5787.00363,1.75643870797894,616893.461286573,2795.4590261279,8225.24615048764
5787.01363,1.75932725076373,617196.635387488,2800.05628475322,8229.28847183317
5787.02363,1.76222883268806,617499.783959921,2804.67429581366,8233.33045279895
5787.03363,1.76514345375195,617802.907003874,2809.31305930924,8237.37209338499
5787.04362,1.7680711139554,618106.004519346,2813.97257523995,8241.41339359128
5787.05362,1.77101181329839,618409.076506337,2818.65284360579,8245.45435341783
5787.06362,1.77396555178093,618712.122964847,2823.35386440677,8249.49497286463
5787.07361,1.77693232940303,619015.143894877,2828.07563764288,8253.53525193169
5787.08361,1.77991214616468,619318.139296425,2832.81816331412,8257.575190619
5787.09361,1.78290500206587,619621.109169493,2837.5814414205,8261.61478892658
5787.10361,1.78591089710662,619924.05351408,2842.365471962,8265.6540468544
5787.1136,1.78892983128692,620226.972330185,2847.17025493864,8269.69296440247
5787.1236,1.79196180460678,620529.865617811,2851.99579035042,8273.73154157081
5787.1336,1.79500681706618,620832.733376955,2856.84207819732,8277.7697783594
5787.1436,1.79806486866514,621135.575607619,2861.70911847936,8281.80767476825
5787.15359,1.80113595940364,621438.392309801,2866.59691119653,8285.84523079735
5787.16359,1.8042200892817,621741.183483502,2871.50545634884,8289.88244644669
5787.17359,1.80731725829931,622043.949128723,2876.43475393627,8293.91932171631
5787.18359,1.81042746645647,622346.689245463,2881.38480395884,8297.95585660618
5787.19358,1.81355071375319,622649.403833722,2886.35560641655,8301.99205111629
5787.20358,1.81668700018945,622952.0928935,2891.34716130938,8306.02790524667
5787.21358,1.81983632576527,623254.756424797,2896.35946863735,8310.0634189973
5787.22358,1.82299869048064,623557.394427614,2901.39252840045,8314.09859236818
5787.23357,1.82617409433555,623860.006901949,2906.44634059868,8318.13342535932
5787.24357,1.82936253733002,624162.593847804,2911.52090523205,8322.16791797072
5787.25357,1.83256401946405,624465.155265177,2916.61622230055,8326.20207020237
5787.26357,1.83577854073762,624767.691154071,2921.73229180419,8330.23588205427
5787.27356,1.83900610115074,625070.201514482,2926.86911374295,8334.26935352643
5787.28356,1.84224670070342,625372.686346413,2932.02668811685,8338.30248461885
5787.29356,1.84550033939565,625675.145649864,2937.20501492588,8342.33527533152
5787.30356,1.84876701722743,625977.579424833,2942.40409417005,8346.36772566444
5787.31355,1.85204673419876,626279.987671321,2947.62392584934,8350.39983561762
5787.32355,1.85533949030964,626582.370389329,2952.86450996377,8354.43160519106
5787.33355,1.85864528556008,626884.727578856,2958.12584651334,8358.46303438475
5787.34354,1.86196411995006,627187.059239902,2963.40793549803,8362.4941231987
5787.35354,1.86529599347959,627489.365372467,2968.71077691785,8366.5248716329
5787.36354,1.86864090614868,627791.645976551,2974.03437077281,8370.55527968735
5787.37354,1.87199885795732,628093.901052155,2979.37871706291,8374.58534736206
5787.38353,1.87536984890551,628396.130599277,2984.74381578814,8378.61507465702
5787.39353,1.87875387899326,628698.334617918,2990.12966694849,8382.64446157224
5787.40353,1.88215094822055,629000.513108079,2995.53627054398,8386.67350810772
5787.41353,1.8855610565874,629302.66606976,3000.96362657461,8390.70221426346
5787.42352,1.88898420409379,629604.793502958,3006.41173504037,8394.73058003944
5787.43352,1.89242039073974,629906.895407676,3011.88059594126,8398.75860543568
5787.44352,1.89586961652524,630208.971783913,3017.37020927728,8402.78629045218
5787.45352,1.89933188145029,630511.02263167,3022.88057504844,8406.81363508894
5787.46351,1.9028071855149,630813.047950945,3028.41169325473,8410.84063934594
5787.47351,1.90629552871905,631115.04774174,3033.96356389615,8414.8673032232
5787.48351,1.90979691106276,631417.022004054,3039.53618697271,8418.89362672072
5787.49351,1.91331133254601,631718.970737886,3045.12956248439,8422.91960983848
5787.5035,1.91683879316882,632020.893943239,3050.74369043121,8426.94525257651
5787.5135,1.92037929293118,632322.79162011,3056.37857081316,8430.9705549348
5787.5235,1.92393283183309,632624.6637685,3062.03420363025,8434.99551691334
5787.5335,1.92749940987456,632926.510388409,3067.71058888247,8439.02013851212
5787.54349,1.93107902705557,633228.331479838,3073.40772656982,8443.04441973117
5787.55349,1.93467168337614,633530.127042785,3079.1256166923,8447.06836057047
5787.56349,1.93827737883625,633831.897077252,3084.86425924992,8451.09196103003
5787.57348,1.94189611343592,634133.641583239,3090.62365424267,8455.11522110985
5787.58348,1.94552788717514,634435.360560744,3096.40380167055,8459.13814080992
5787.59348,1.94917270005391,634737.054009768,3102.20470153357,8463.16072013023
5787.60348,1.95283055207224,635038.72193031,3108.02635383172,8467.18295907081
5787.61347,1.95650144323011,635340.364322373,3113.868758565,8471.20485763164
5787.62347,1.96018537352754,635641.981185955,3119.73191573341,8475.22641581274
5787.63347,1.96388234296452,635943.572521056,3125.61582533696,8479.24763361408
5787.64347,1.96759235154105,636245.138327676,3131.52048737564,8483.26851103567
5787.65346,1.97131539925713,636546.678605815,3137.44590184945,8487.28904807753
5787.66346,1.97505148611276,636848.193355473,3143.39206875839,8491.30924473963
5787.67346,1.97880061210794,637149.68257665,3149.35898810247,8495.329101022
5787.68346,1.98256277724268,637451.146269346,3155.34665988168,8499.34861692462
5787.69345,1.98633798151696,637752.584433562,3161.35508409602,8503.36779244749
5787.70345,1.9901262249308,638053.997069296,3167.3842607455,8507.38662759061
5787.71345,1.99392750748419,638355.38417655,3173.43418983011,8511.405122354
5787.72345,1.99774182917713,638656.745755323,3179.50487134985,8515.42327673764
5787.73344,2.00156919000962,638958.081805615,3185.59630530473,8519.44109074154
5787.74344,2.00540958998167,639259.392327426,3191.70849169474,8523.45856436569
5787.75344,2.00926302909326,639560.677320757,3197.84143051988,8527.4756976101
5787.76344,2.01312950734441,639861.936785607,3203.99512178015,8531.49249047475
5787.77343,2.01700902473511,640163.170721974,3210.16956547555,8535.50894295966
5787.78343,2.02090158126536,640464.379129862,3216.36476160609,8539.52505506483
5787.79343,2.02480717693516,640765.562009269,3222.58071017177,8543.54082679026
5787.80342,2.02872581174451,641066.719360196,3228.81741117257,8547.55625813594
5787.81342,2.03265748569342,641367.85118264,3235.07486460851,8551.57134910187
5787.82342,2.03660219878187,641668.957476605,3241.35307047958,8555.58609968806
5787.83342,2.04055995100988,641970.038242088,3247.65202878578,8559.6005098945
5787.84341,2.04453074237744,642271.09347909,3253.97173952712,8563.6145797212
5787.85341,2.04851457288455,642572.123187612,3260.31220270359,8567.62830916816
5787.86341,2.05251144253121,642873.127367653,3266.67341831518,8571.64169823537
5787.87341,2.05652135131742,643174.106019213,3273.05538636192,8575.65474692284
5787.8834,2.06054429924319,643475.059142291,3279.45810684379,8579.66745523055
5787.8934,2.0645802863085,643775.98673689,3285.88157976079,8583.67982315853
5787.9034,2.06862931251337,644076.888803007,3292.32580511292,8587.69185070676
5787.9134,2.07269137785779,644377.765340643,3298.79078290018,8591.70353787525
5787.92339,2.07676648234176,644678.616349799,3305.27651312259,8595.71488466399
5787.93339,2.08085462596528,644979.441830474,3311.78299578012,8599.72589107298
5787.94339,2.08495580872835,645280.241782667,3318.31023087278,8603.73655710223
5787.95339,2.08907003063098,645581.01620638,3324.85821840058,8607.74688275174
5787.96338,2.09319729167316,645881.765101612,3331.42695836351,8611.75686802149
5787.97338,2.09733759185488,646182.488468364,3338.01645076156,8615.76651291152
5787.98338,2.10149093117616,646483.186306634,3344.62669559476,8619.77581742179
5787.99338,2.10565730963699,646783.858616424,3351.25769286309,8623.78478155231
5788.00337,2.10983672723738,647084.505397732,3357.90944256655,8627.79340530309
5788.01337,2.11402918397731,647385.12665056,3364.58194470515,8631.80168867413
5788.02337,2.11823467985679,647685.722374907,3371.27519927887,8635.80963166542
5788.03337,2.12245321487583,647986.292570773,3377.98920628773,8639.81723427697
5788.04336,2.12668478903442,648286.837238157,3384.72396573172,8643.82449650877
5788.05336,2.13092940233255,648587.356377061,3391.47947761084,8647.83141836082
5788.06336,2.13518705477025,648887.849987485,3398.25574192511,8651.83799983313
5788.07335,2.13945774634749,649188.318069428,3405.05275867449,8655.84424092571
5788.08335,2.14374147706428,649488.76062289,3411.87052785902,8659.85014163853
5788.09335,2.14803824692063,649789.17764787,3418.70904947867,8663.8557019716
5788.10335,2.15234805591652,650089.56914437,3425.56832353346,8667.86092192493
5788.11334,2.15667090405198,650389.935112389,3432.44835002339,8671.86580149852
5788.12334,2.16100679132697,650690.275551927,3439.34912894844,8675.87034069236
5788.13334,2.16535571774152,650990.590462984,3446.27066030862,8679.87453950646
5788.14334,2.16971768329563,651290.879845561,3453.21294410395,8683.87839794081
5788.15333,2.17409268798928,651591.143699656,3460.1759803344,8687.88191599542
5788.16333,2.17848073182249,651891.382025271,3467.15976899998,8691.88509367029
5788.17333,2.18288181479525,652191.594822405,3474.16431010071,8695.8879309654
5788.18333,2.18729593690755,652491.782091058,3481.18960363656,8699.89042788077
5788.19332,2.19172309815941,652791.94383123,3488.23564960754,8703.8925844164
5788.20332,2.19616329855083,653092.080042921,3495.30244801366,8707.89440057228
5788.21332,2.20061653808179,653392.190726132,3502.38999885491,8711.89587634842
5788.22332,2.2050828167523,653692.275880861,3509.49830213129,8715.89701174481
5788.23331,2.20956213456237,653992.33550711,3516.62735784281,8719.89780676146
5788.24331,2.21405449151198,654292.369604877,3523.77716598945,8723.89826139837
5788.25331,2.21855988760115,654592.378174164,3530.94772657123,8727.89837565553
5788.26331,2.22307832282987,654892.36121497,3538.13903958815,8731.89814953294
5788.2733,2.22760979719815,655192.318727295,3545.3511050402,8735.8975830306
5788.2833,2.23215431070597,655492.250711139,3552.58392292737,8739.89667614853
5788.2933,2.23671186335334,655792.157166503,3559.83749324969,8743.8954288867
5788.30329,2.24128245514027,656092.038093385,3567.11181600713,8747.89384124514
5788.31329,2.24586608606675,656391.893491786,3574.40689119971,8751.89191322382
5788.32329,2.25046275613278,656691.723361708,3581.72271882742,8755.88964482277
5788.33329,2.25507246533836,656991.527703147,3589.05929889026,8759.88703604196
5788.34328,2.25969521368349,657291.306516106,3596.41663138824,8763.88408688142
5788.35328,2.26433100116817,657591.059800585,3603.79471632135,8767.88079734114
5788.36328,2.26897982779241,657890.787556582,3611.19355368959,8771.8771674211
5788.37328,2.27364169355619,658190.489784099,3618.61314349297,8775.87319712132
5788.38327,2.27831659845953,658490.166483134,3626.05348573148,8779.86888644179
5788.39327,2.28300454250242,658789.817653689,3633.51458040511,8783.86423538251
5788.40327,2.28770552568486,659089.443295763,3640.99642751389,8787.8592439435
5788.41327,2.29241954800686,659389.043409356,3648.4990270578,8791.85391212474
5788.42326,2.2971466094684,659688.617994468,3656.02237903683,8795.84823992624
5788.43326,2.30188671006949,659988.167051099,3663.56648345101,8799.84222734799
5788.44326,2.30663984981014,660287.69057925,3671.13134030031,8803.83587439
5788.45326,2.31140602869034,660587.188578919,3678.71694958475,8807.82918105225
5788.46325,2.31618524671009,660886.661050108,3686.32331130432,8811.82214733477
5788.47325,2.32097750386939,661186.107992815,3693.95042545902,8815.81477323754
5788.48325,2.32578280016824,661485.529407042,3701.59829204886,8819.80705876057
5788.49325,2.33060113560665,661784.925292788,3709.26691107382,8823.79900390384
5788.50324,2.3354325101846,662084.295650053,3716.95628253393,8827.79060866738
5788.51324,2.34027692390211,662383.640478838,3724.66640642916,8831.78187305117
5788.52324,2.34513437675917,662682.95977914,3732.39728275953,8835.77279705521
5788.53324,2.35000486875578,662982.253550964,3740.14891152503,8839.76338067952
5788.54323,2.35488839989194,663281.521794305,3747.92129272566,8843.75362392407
5788.55323,2.35978497016765,663580.764509166,3755.71442636143,8847.74352678888
5788.56323,2.36469457958292,663879.981695546,3763.52831243232,8851.73308927395
5788.57322,2.36961722813773,664179.173353445,3771.36295093835,8855.72231137926
5788.58322,2.3745529158321,664478.339482863,3779.21834187952,8859.71119310485
5788.59322,2.37950164266602,664777.4800838,3787.09448525582,8863.69973445067
5788.60322,2.38446340863949,665076.595156257,3794.99138106725,8867.68793541676
5788.61321,2.38943821375251,665375.684700233,3802.90902931381,8871.67579600311
5788.62321,2.39442605800508,665674.748715727,3810.8474299955,8875.6633162097
5788.63321,2.39942694139721,665973.787202741,3818.80658311233,8879.65049603655
5788.64321,2.40444086392889,666272.800161274,3826.78648866429,8883.63733548365
5788.6532,2.40946782560011,666571.787591326,3834.78714665139,8887.62383455101
5788.6632,2.41450782641089,666870.749492897,3842.80855707361,8891.60999323863
5788.6732,2.41956086636122,667169.685865988,3850.85071993097,8895.59581154651
5788.6832,2.4246269454511,667468.596710597,3858.91363522346,8899.58128947463
5788.69319,2.42970606368054,667767.482026726,3866.99730295109,8903.56642702301
5788.70319,2.43479822104952,668066.341814374,3875.10172311385,8907.55122419165
5788.71319,2.43990341755806,668365.17607354,3883.22689571174,8911.53568098054
5788.72319,2.44502165320614,668663.984804227,3891.37282074476,8915.51979738969
5788.73318,2.45015292799379,668962.768006432,3899.53949821292,8919.50357341909
5788.74318,2.45529724192098,669261.525680156,3907.7269281162,8923.48700906875
5788.75318,2.46045459498772,669560.257825399,3915.93511045463,8927.47010433866
5788.76318,2.46562498719401,669858.964442162,3924.16404522818,8931.45285922883
5788.77317,2.47080841853986,670157.645530443,3932.41373243687,8935.43527373924
5788.78317,2.47600488902525,670456.301090244,3940.68417208069,8939.41734786992
5788.79317,2.4812143986502,670754.931121564,3948.97536415964,8943.39908162086
5788.80316,2.4864369474147,671053.535624404,3957.28730867373,8947.38047499205
5788.81316,2.49167253531875,671352.114598762,3965.62000562295,8951.36152798349
5788.82316,2.49692116236236,671650.668044639,3973.9734550073,8955.34224059518
5788.83316,2.50218282854551,671949.195962035,3982.34765682679,8959.32261282714
5788.84315,2.50745753386822,672247.698350951,3990.7426110814,8963.30264467934
5788.85315,2.51274527833047,672546.175211386,3999.15831777115,8967.28233615181
5788.86315,2.51804606193228,672844.626543339,4007.59477689603,8971.26168724453
5788.87315,2.52335988467364,673143.052346812,4016.05198845605,8975.2406979575
5788.88314,2.52868674655455,673441.452621805,4024.5299524512,8979.21936829073
5788.89314,2.53402664757502,673739.827368316,4033.02866888148,8983.19769824421
5788.90314,2.53937958773503,674038.176586347,4041.54813774689,8987.17568781796
5788.91314,2.5447455670346,674336.500275896,4050.08835904744,8991.15333701195
5788.92313,2.55012458547371,674634.798436965,4058.64933278312,8995.1306458262
5788.93313,2.55551664305238,674933.071069552,4067.23105895393,8999.1076142607
5788.94313,2.5609217397706,675231.318173659,4075.83353755988,9003.08424231546
5788.95313,2.56633987562837,675529.539749285,4084.45676860095,9007.06052999047
5788.96312,2.57177105062569,675827.735796431,4093.10075207716,9011.03647728574
5788.97312,2.57721526476257,676125.906315095,4101.76548798851,9015.01208420127
5788.98312,2.582672518039,676424.051305278,4110.45097633499,9018.98735073704
5788.99312,2.58814281045497,676722.170766981,4119.15721711659,9022.96227689307
5789.00311,2.5936261420105,677020.264700203,4127.88421033334,9026.93686266937
5789.01311,2.59912251270558,677318.333104943,4136.63195598521,9030.91110806591
5789.02311,2.60463192254022,677616.375981203,4145.40045407222,9034.88501308271
5789.0331,2.6101543715144,677914.393328982,4154.18970459436,9038.85857771977
5789.0431,2.61568985962813,678212.385148281,4162.99970755163,9042.83180197707
5789.0531,2.62123838688142,678510.351439098,4171.83046294404,9046.80468585464
5789.0631,2.62679995327426,678808.292201435,4180.68197077158,9050.77722935247
5789.07309,2.63237455880665,679106.20743529,4189.55423103425,9054.74943247054
5789.08309,2.63796220347859,679404.097140665,4198.44724373205,9058.72129520887
5789.09309,2.64356288729008,679701.961317559,4207.36100886499,9062.69281756746
5789.10309,2.64917661024112,679999.799965971,4216.29552643306,9066.66399954629
5789.11308,2.65480337233172,680297.613085903,4225.25079643627,9070.63484114538
5789.12308,2.66044317356187,680595.400677355,4234.2268188746,9074.60534236473
5789.13308,2.66609601393156,680893.162740326,4243.22359374807,9078.57550320434
5789.14308,2.67176189344081,681190.899274815,4252.24112105667,9082.5453236642
5789.15307,2.67744081208961,681488.610280823,4261.2794008004,9086.51480374431
5789.16307,2.68313276987797,681786.295758352,4270.33843297928,9090.48394344469
5789.17307,2.68883776680587,682083.955707398,4279.41821759327,9094.45274276531
5789.18307,2.69455580287333,682381.590127964,4288.51875464241,9098.42120170619
5789.19306,2.70028687808033,682679.19902005,4297.64004412667,9102.38932026733
5789.20306,2.70603099242689,682976.782383654,4306.78208604607,9106.35709844872
5789.21306,2.711788145913,683274.340218778,4315.9448804006,9110.32453625037
5789.22306,2.71755833853866,683571.87252542,4325.12842719027,9114.29163367227
5789.23305,2.72334157030388,683869.379303582,4334.33272641506,9118.25839071443
5789.24305,2.72612342522718,684182.558788912,4338.76018603515,9122.43411718549
5789.25305,2.73191658003768,684480.255426325,4347.98027827703,9126.40340568434
5789.26305,2.73772299537574,684777.925388105,4357.22147530399,9130.37233850806
5789.27304,2.74354267124134,685075.568674249,4366.48377711603,9134.34091565665
5789.28304,2.74937560763451,685373.185284758,4375.76718371315,9138.3091371301
5789.29304,2.75522180455522,685670.775219632,4385.07169509535,9142.27700292842
5789.30303,2.76108126200349,685968.338478871,4394.39731126263,9146.24451305161
5789.31303,2.7669539799793,686265.875062475,4403.74403221499,9150.21166749967
5789.32303,2.77283995848267,686563.384970446,4413.11185795243,9154.17846627261
5789.33303,2.7787391975136,686860.86820278,4422.50078847495,9158.1449093704
5789.34302,2.78465169707207,687158.32475948,4431.91082378256,9162.11099679307
5789.35302,2.7905774571581,687455.754640545,4441.34196387524,9166.07672854061
5789.36302,2.79651647777168,687753.157845976,4450.794208753,9170.04210461301
5789.37302,2.80246875891282,688050.53437577,4460.26755841584,9174.00712501027
5789.38301,2.80843430058151,688347.884229932,4469.76201286377,9177.97178973242
5789.39301,2.81441310277775,688645.207408457,4479.27757209677,9181.93609877943
5789.40301,2.82040516550154,688942.503911348,4488.81423611486,9185.9000521513
5789.41301,2.82641048875289,689239.773738604,4498.37200491802,9189.86364984806
5789.423,2.83242907253179,689537.016890225,4507.95087850627,9193.82689186966
5789.433,2.83846091683824,689834.233366211,4517.55085687959,9197.78977821615
5789.443,2.84450602167225,690131.423166563,4527.171940038,9201.7523088875
5789.453,2.85056438703381,690428.586291279,4536.81412798149,9205.71448388373
5789.46299,2.85663601292291,690725.722740361,4546.47742071005,9209.67630320482
5789.47299,2.86272089933958,691022.832513808,4556.1618182237,9213.63776685078
5789.48299,2.86881904628379,691319.915611621,4565.86732052243,9217.59887482161
5789.49299,2.87493045375556,691616.972033797,4575.59392760623,9221.55962711729
5789.50298,2.88105512175488,691914.00178034,4585.34163947512,9225.52002373786
5789.51298,2.88719305028176,692211.004851247,4595.1104561291,9229.48006468329
5789.52298,2.89334423933619,692507.98124652,4604.90037756815,9233.4397499536
5789.53297,2.89950868891817,692804.930966157,4614.71140379228,9237.39907954877
5789.54297,2.9056863990277,693101.854010161,4624.54353480148,9241.35805346881
5789.55297,2.91187736966479,693398.750378529,4634.39677059578,9245.31667171372
5789.56297,2.91808160082943,693695.620071261,4644.27111117515,9249.27493428349
5789.57296,2.92429909252162,693992.46308836,4654.1665565396,9253.23284117814
5789.58296,2.93052984474137,694289.279429823,4664.08310668913,9257.19039239764
5789.59296,2.93677385748866,694586.069095652,4674.02076162374,9261.14758794203
5789.60296,2.94303113076352,694882.832085847,4683.97952134344,9265.10442781129
5789.61295,2.94930166456592,695179.568400405,4693.95938584821,9269.06091200539
5789.62295,2.95558545889587,695476.278039329,4703.96035513806,9273.01704052438
5789.63295,2.96188251375338,695772.961002619,4713.982429213,9276.97281336825
5789.64295,2.96819282913845,696069.617290272,4724.02560807301,9280.92823053696
5789.65294,2.97451640505106,696366.246902292,4734.08989171811,9284.88329203056
5789.66294,2.98085324149123,696662.849838676,4744.17528014828,9288.83799784901
5789.67294,2.98720333845895,696959.426099426,4754.28177336354,9292.79234799235
5789.68294,2.99356669595422,697255.975684542,4764.40937136387,9296.74634246056
5789.69293,2.99994331397705,697552.498594022,4774.55807414929,9300.69998125362
5789.70293,3.00633319252743,697848.994827866,4784.72788171979,9304.65326437155
5789.71293,3.01273633160536,698145.464386077,4794.91879407536,9308.60619181437
5789.72293,3.01915273121084,698441.907268652,4805.13081121602,9312.55876358203
5789.73292,3.02558239134388,698738.323475594,4815.36393314176,9316.51097967458
5789.74292,3.03202531200447,699034.7130069,4825.61815985257,9320.462840092
5789.75292,3.03848149319261,699331.07586257,4835.89349134847,9324.41434483427
5789.76291,3.04495093490831,699627.412042606,4846.18992762945,9328.36549390142
5789.77291,3.05143363715156,699923.721547007,4856.50746869551,9332.31628729343
5789.78291,3.05792959992236,700220.004375774,4866.84611454665,9336.26672501032
5789.79291,3.06443882322071,700516.260528905,4877.20586518287,9340.21680705207
5789.8029,3.07096130704662,700812.490006402,4887.58672060418,9344.16653341869
5789.8129,3.07749705140008,701108.692808264,4897.98868081055,9348.11590411018
5789.8229,3.08404605628109,701404.868934491,4908.41174580202,9352.06491912655
5789.8329,3.09060832168966,701701.018385083,4918.85591557856,9356.01357846778
5789.84289,3.09718384762578,701997.14116004,4929.32119014018,9359.96188213387
5789.85289,3.10377263408945,702293.237259363,4939.80756948688,9363.90983012484
5789.86289,3.11037468108067,702589.30668305,4950.31505361866,9367.85742244067
5789.87289,3.11698998859945,702885.349431103,4960.84364253553,9371.80465908138
5789.88288,3.12361855664578,703181.365503521,4971.39333623747,9375.75154004694
5789.89288,3.13026038521966,703477.354900304,4981.9641347245,9379.69806533739
5789.90288,3.1369154743211,703773.317621451,4992.5560379966,9383.64423495269
5789.91288,3.14358382395009,704069.253666965,5003.16904605379,9387.59004889287
5789.92287,3.15026543410663,704365.163036844,5013.80315889605,9391.53550715792
5789.93287,3.15696030479072,704661.045731087,5024.4583765234,9395.48060974783
5789.94287,3.16366843600237,704956.901749696,5035.13469893582,9399.42535666262
5789.95287,3.17038982774157,705252.73109267,5045.83212613333,9403.36974790227
5789.96286,3.17712448000832,705548.533760009,5056.55065811592,9407.31378346679
5789.97286,3.18387239280263,705844.309751713,5067.29029488359,9411.25746335617
5789.98286,3.19063356612448,706140.059067783,5078.05103643633,9415.20078757044
5789.99286,3.1974079999739,706435.781708217,5088.83288277416,9419.14375610956
5790.00285,3.20419569435086,706731.477673016,5099.63583389707,9423.08636897355
5790.01285,3.21099664925538,707027.146962182,5110.45988980506,9427.02862616242
5790.02285,3.21781086468744,707322.789575712,5121.30505049813,9430.97052767615
5790.03284,3.22463834064707,707618.405513606,5132.17131597628,9434.91207351474
5790.04284,3.23147907713424,707913.994775866,5143.05868623951,9438.85326367822
5790.05284,3.23833307414897,708209.557362492,5153.96716128782,9442.79409816656
5790.06284,3.24520033169125,708505.093273483,5164.89674112121,9446.73457697977
5790.07283,3.25208084976109,708800.602508838,5175.84742573968,9450.67470011784
5790.08283,3.25897462835847,709096.085068559,5186.81921514323,9454.61446758079
5790.09283,3.26588166748341,709391.540952644,5197.81210933187,9458.55387936859
5790.10283,3.27280196713591,709686.970161096,5208.82610830558,9462.49293548128
5790.11282,3.27973552731595,709982.372693912,5219.86121206437,9466.43163591883
5790.12282,3.28668234802355,710277.748551094,5230.91742060825,9470.36998068125
5790.13282,3.2936424292587,710573.09773264,5241.9947339372,9474.30796976853
5790.14282,3.3006157710214,710868.420238551,5253.09315205123,9478.24560318068
5790.15281,3.30760237331166,711163.716068828,5264.21267495035,9482.18288091771
5790.16281,3.31460223612947,711458.98522347,5275.35330263455,9486.1198029796
5790.17281,3.32161535947483,711754.227702478,5286.51503510382,9490.05636936637
5790.18281,3.32864174334774,712049.44350585,5297.69787235818,9493.992580078
5790.1928,3.33568138774821,712344.632633587,5308.90181439761,9497.9284351145
5790.2028,3.34273429267623,712639.79508569,5320.12686122213,9501.86393447586
5790.2128,3.34980045813181,712934.930862157,5331.37301283173,9505.7990781621
5790.2228,3.35687988411493,713230.03996299,5342.6402692264,9509.7338661732
5790.23279,3.36397257062561,713525.122388188,5353.92863040616,9513.66829850917
5790.24279,3.37107851766384,713820.178137751,5365.238096371,9517.60237517002
5790.25279,3.37819772522963,714115.20721168,5376.56866712092,9521.53609615573
5790.26278,3.38533019332296,714410.209609973,5387.92034265592,9525.4694614663
5790.27278,3.39247592194386,714705.185332631,5399.293122976,9529.40247110175
5790.28278,3.3996349110923,715000.134379655,5410.68700808116,9533.33512506207
5790.29278,3.4068071607683,715295.056751044,5422.1019979714,9537.26742334725
5790.30277,3.41399267097185,715589.952446798,5433.53809264672,9541.19936595731
5790.31277,3.42119144170295,715884.821466917,5444.99529210712,9545.13095289222
5790.32277,3.42840347296161,716179.663811401,5456.47359635261,9549.06218415202
5790.33277,3.43562876474781,716474.47948025,5467.97300538316,9552.99305973667
5790.34276,3.44286731706157,716769.268473465,5479.4935191988,9556.92357964619
5790.35276,3.45011912990288,717064.030791045,5491.03513779953,9560.8537438806
5790.36276,3.45738420327175,717358.76643299,5502.59786118533,9564.78355243987
5790.37276,3.46466253716817,717653.4753993,5514.18168935622,9568.713005324
5790.38275,3.47195413159214,717948.157689975,5525.78662231218,9572.642102533
5790.39275,3.47925898654366,718242.813305015,5537.41266005322,9576.57084406687
5790.40275,3.48657710202274,718537.442244421,5549.05980257934,9580.49922992561
5790.41275,3.49390847802937,718832.044508192,5560.72804989055,9584.42726010922
5790.42274,3.50125311456355,719126.620096327,5572.41740198684,9588.3549346177
5790.43274,3.50861101162529,719421.169008828,5584.1278588682,9592.28225345104
5790.44274,3.51598216921458,719715.691245694,5595.85942053465,9596.20921660925
5790.45274,3.52336658733142,720010.186806925,5607.61208698617,9600.13582409234
5790.46273,3.53076426597581,720304.655692521,5619.38585822278,9604.06207590028
5790.47273,3.53817520514776,720599.097902483,5631.18073424447,9607.98797203311
5790.48273,3.54559940484726,720893.51343681,5642.99671505124,9611.9135124908
5790.49272,3.55303686507431,721187.902295501,5654.83380064308,9615.83869727335
5790.50272,3.56048758582892,721482.264478558,5666.69199102002,9619.76352638078
5790.51272,3.56795156711108,721776.599985981,5678.57128618203,9623.68799981307
5790.52272,3.57542880892079,722070.908817768,5690.47168612912,9627.61211757024
5790.53271,3.58291931125806,722365.19097392,5702.39319086129,9631.53587965226
5790.54271,3.59042307412287,722659.446454438,5714.33580037853,9635.45928605917
5790.55271,3.59794009751524,722953.67525932,5726.29951468087,9639.38233679094
5790.56271,3.60547038143516,723247.877388568,5738.28433376828,9643.30503184757
5790.5727,3.61301392588264,723542.052842181,5750.29025764077,9647.22737122908
5790.5827,3.62057073085767,723836.201620159,5762.31728629834,9651.14935493546
5790.5927,3.62814079636025,724130.323722502,5774.36541974099,9655.07098296669
5790.6027,3.63572412239038,724424.419149211,5786.43465796873,9658.99225532281
5790.61269,3.64332070894807,724718.487900284,5798.52500098154,9662.91317200379
5790.62269,3.65093055603331,725012.529975723,5810.63644877943,9666.83373300964
5790.63269,3.6585536636461,725306.545375527,5822.76900136241,9670.75393834036
5790.64269,3.66619003178645,725600.534099695,5834.92265873046,9674.67378799593
5790.65268,3.67383966045435,725894.49614823,5847.0974208836,9678.5932819764
5790.66268,3.6815025496498,726188.431521128,5859.29328782181,9682.51242028171
5790.67268,3.6891786993728,726482.340218393,5871.51025954511,9686.43120291191
5790.68268,3.69686810962336,726776.222240023,5883.74833605348,9690.34962986697
5790.69267,3.70457078040146,727070.077586017,5896.00751734693,9694.2677011469
5790.70267,3.71228671170713,727363.906256377,5908.28780342547,9698.1854167517
5790.71267,3.72001590354034,727657.708251102,5920.58919428909,9702.10277668137
5790.72267,3.72775835590111,727951.483570192,5932.91168993779,9706.0197809359
5790.73266,3.73551406878943,728245.232213648,5945.25529037156,9709.9364295153
5790.74266,3.74328304220531,728538.954181467,5957.61999559042,9713.85272241956
5790.75266,3.75106527614873,728832.649473654,5970.00580559436,9717.76865964872
5790.76265,3.75886077061971,729126.318090204,5982.41272038338,9721.68424120273
5790.77265,3.76666952561825,729419.96003112,5994.84073995749,9725.5994670816
5790.78265,3.77449154114433,729713.575296401,6007.28986431666,9729.51433728534
5790.79265,3.78232681719797,730007.163886048,6019.76009346092,9733.42885181397
5790.80264,3.79017535377916,730300.725800059,6032.25142739026,9737.34301066745
5790.81264,3.7980371508879,730594.261038436,6044.76386610468,9741.25681384581
5790.82264,3.8059122085242,730887.769601177,6057.29740960419,9745.17026134902
5790.83264,3.81380052668805,731181.251488284,6069.85205788877,9749.08335317712
5790.84263,3.82170210537945,731474.706699755,6082.42781095844,9752.99608933007
5790.85263,3.82961694459841,731768.135235592,6095.02466881318,9756.90846980789
5790.86263,3.83754504434491,732061.537095794,6107.64263145299,9760.82049461059
5790.87263,3.84548640461897,732354.912280362,6120.2816988779,9764.73216373817
5790.88262,3.85344102542059,732648.260789294,6132.94187108789,9768.64347719059
5790.89262,3.86140890674975,732941.582622592,6145.62314808295,9772.55443496789
5790.90262,3.86939004860647,733234.877780254,6158.32552986309,9776.46503707005
5790.91262,3.87738445099075,733528.146262283,6171.04901642832,9780.3752834971
5790.92261,3.88539211390257,733821.388068675,6183.79360777862,9784.285174249
5790.93261,3.89341303734195,734114.603199434,6196.55930391401,9788.19470932578
5790.94261,3.90144722130888,734407.791654557,6209.34610483447,9792.10388872742
5790.95261,3.90949466580336,734700.953434046,6222.15401054002,9796.01271245395
5790.9626,3.9175553708254,734994.0885379,6234.98302103065,9799.92118050533
5790.9726,3.92562933637499,735287.196966118,6247.83313630636,9803.82929288157
5790.9826,3.93371656245213,735580.278718702,6260.70435636714,9807.73704958269
5790.99259,3.94181704905682,735873.33379565,6273.59668121301,9811.64445060867
5791.00259,3.94993079618907,736166.362196965,6286.51011084397,9815.55149595953
5791.01259,3.95805780384887,736459.363922644,6299.44464526,9819.45818563526
5791.02259,3.96619807203622,736752.338972689,6312.4002844611,9823.36451963586
5791.03258,3.97435160075113,737045.287347098,6325.37702844729,9827.27049796131
5791.04258,3.98251838999359,737338.209045873,6338.37487721856,9831.17612061165
5791.05258,3.9906984397636,737631.104069013,6351.39383077491,9835.08138758684
5791.06258,3.99889175006116,737923.972416519,6364.43388911634,9838.98629888692
5791.07257,4.00709832088628,738216.814088389,6377.49505224286,9842.89085451185
5791.08257,4.01531815223895,738509.629084624,6390.57732015444,9846.79505446165
5791.09257,4.02355124411917,738802.417405225,6403.68069285112,9850.69889873633
5791.10257,4.03179759652695,739095.179050191,6416.80517033287,9854.60238733588
5791.11256,4.04005720946228,739387.914019521,6429.9507525997,9858.50552026028
5791.12256,4.04833008292516,739680.622313217,6443.11743965162,9862.40829750956
5791.13256,4.0566162169156,739973.303931278,6456.30523148861,9866.31071908371
5791.14256,4.06491561143358,740265.958873705,6469.51412811069,9870.21278498273
5791.15255,4.07322826647912,740558.587140496,6482.74412951784,9874.11449520661
5791.16255,4.08155418205221,740851.188731653,6495.99523571008,9878.01584975537
5791.17255,4.08989335815286,741143.763647174,6509.26744668739,9881.91684862899
5791.18255,4.09824579478106,741436.311887062,6522.56076244979,9885.81749182749
5791.19254,4.1066114919368,741728.833451312,6535.87518299726,9889.71777935083
5791.20254,4.11499044962011,742021.328339929,6549.21070832982,9893.61771119906
5791.21254,4.12338266783097,742313.796552911,6562.56733844746,9897.51728737215
5791.22253,4.13178814656938,742606.23809026,6575.94507335018,9901.41650787013
5791.23253,4.14020688583535,742898.652951972,6589.34391303798,9905.31537269296
5791.24253,4.14863888562886,743191.04113805,6602.76385751085,9909.21388184067
5791.25253,4.15708414594993,743483.402648492,6616.20490676881,9913.11203531323
5791.26252,4.16554266679855,743775.737483301,6629.66706081185,9917.00983311068
5791.27252,4.17401444817472,744068.045642473,6643.15031963996,9920.90727523298
5791.28252,4.18249949007844,744360.327126012,6656.65468325316,9924.80436168016
5791.29252,4.19099779250973,744652.581933916,6670.18015165145,9928.70109245221
5791.30251,4.19950935546856,744944.810066184,6683.7267248348,9932.59746754913
5791.31251,4.20803417895495,745237.011522818,6697.29440280325,9936.49348697091
5791.32251,4.21657226296888,745529.186303817,6710.88318555677,9940.38915071755
5791.33251,4.22512360751037,745821.334409181,6724.49307309537,9944.28445878908
5791.3425,4.23368821257942,746113.455838909,6738.12406541906,9948.17941118546
5791.3525,4.24226607817601,746405.550593004,6751.77616252782,9952.07400790672
5791.3625,4.25085720430017,746697.618671464,6765.44936442166,9955.96824895285
5791.3725,4.25946159095187,746989.660074288,6779.14367110058,9959.86213432384
5791.38249,4.26807923813112,747281.674801478,6792.85908256458,9963.75566401971
5791.39249,4.27671014583793,747573.662853033,6806.59559881368,9967.64883804044
5791.40249,4.28535431407229,747865.624228953,6820.35321984784,9971.54165638604
5791.41249,4.29401174283421,748157.558929239,6834.13194566709,9975.43411905652
5791.42248,4.30268243212367,748449.466953888,6847.9317762714,9979.32622605184
5791.43248,4.31136638194069,748741.348302904,6861.75271166081,9983.21797737206
5791.44248,4.32006359228527,749033.202976285,6875.59475183531,9987.10937301714
5791.45248,4.32877406315739,749325.03097403,6889.45789679486,9991.00041298707
5791.46247,4.33749779455707,749616.832296142,6903.34214653951,9994.89109728189
5791.47247,4.3462347864843,749908.606942618,6917.24750106924,9998.78142590158
5791.48247,4.35498503893908,750200.354913459,6931.17396038404,10002.6713988461
5791.49246,4.36374855192141,750492.076208665,6945.12152448393,10006.5610161155
5791.50246,4.37252532543131,750783.770828237,6959.09019336891,10010.4502777098
5791.51246,4.38131535946875,751075.438772173,6973.07996703895,10014.339183629
5791.52246,4.39011865403375,751367.080040475,6987.09084549409,10018.227733873
5791.53245,4.39893520912629,751658.694633143,7001.1228287343,10022.1159284419
5791.54245,4.40776502474639,751950.282550175,7015.17591675958,10026.0037673357
5791.55245,4.41660810089404,752241.843791572,7029.25010956996,10029.8912505543
5791.56245,4.42546443756925,752533.378357334,7043.34540716541,10033.7783780978
5791.57244,4.43433403477201,752824.886247461,7057.46180954594,10037.6651499661
5791.58244,4.44321689250232,753116.367461954,7071.59931671155,10041.5515661594
5791.59244,4.45211301076018,753407.822000813,7085.75792866223,10045.4376266775
5791.60244,4.46102238954561,753699.249864035,7099.93764539802,10049.3233315205
5791.61243,4.46994502885858,753990.651051623,7114.13846691887,10053.2086806883
5791.62243,4.4788809286991,754282.025563576,7128.36039322481,10057.093674181
5791.63243,4.48783008906718,754573.373399895,7142.60342431583,10060.9783119986
5791.64243,4.4967925099628,754864.694560579,7156.86756019191,10064.8625941411
5791.65242,4.50576819138599,755155.989045627,7171.15280085309,10068.7465206084
5791.66242,4.51475713333671,755447.256855041,7185.45914629933,10072.6300914005
5791.67242,4.52375933581501,755738.497988819,7199.78659653067,10076.5133065176
5791.68242,4.53277479882084,756029.712446964,7214.13515154709,10080.3961659595
5791.69241,4.54180352235424,756320.900229473,7228.50481134859,10084.2786697263
5791.70241,4.55084550641519,756612.061336347,7242.89557593517,10088.160817818
5791.71241,4.55990075100368,756903.195767587,7257.30744530682,10092.0426102345
5791.7224,4.56896925611974,757194.303523192,7271.74041946356,10095.9240469759
5791.7324,4.57805102176334,757485.384603161,7286.19449840538,10099.8051280422
5791.7424,4.5871460479345,757776.439007497,7300.66968213227,10103.6858534333
5791.7524,4.59625433463321,758067.466736197,7315.16597064425,10107.5662231493
5791.76239,4.60537588185948,758358.467789262,7329.68336394132,10111.4462371902
5791.77239,4.61451068961328,758649.442166694,7344.22186202345,10115.3258955559
5791.78239,4.62365875789465,758940.389868488,7358.78146489067,10119.2051982465
5791.79239,4.63282008670358,759231.310894649,7373.36217254298,10123.084145262
5791.80238,4.64199467604006,759522.205245176,7387.96398498036,10126.9627366023
5791.81238,4.65118252590407,759813.072920066,7402.58690220281,10130.8409722675
5791.82238,4.66038363629566,760103.913919322,7417.23092421036,10134.7188522576
5791.83238,4.66959800721479,760394.728242943,7431.89605100299,10138.5963765726
5791.84237,4.67882563866148,760685.51589093,7446.58228258069,10142.4735452124
5791.85237,4.68806653063572,760976.276863281,7461.28961894347,10146.3503581771
5791.86237,4.6973206831375,761267.011159998,7476.01806009132,10150.2268154666
5791.87237,4.70658809616685,761557.71878108,7490.76760602428,10154.1029170811
5791.88236,4.71586876972374,761848.399726528,7505.53825674229,10157.9786630204
5791.89236,4.7251627038082,762139.053996339,7520.3300122454,10161.8540532845
5791.90236,4.7344698984202,762429.681590517,7535.14287253358,10165.7290878736
5791.91236,4.74379035355975,762720.282509059,7549.97683760685,10169.6037667874
5791.92235,4.75312406922686,763010.856751966,7564.83190746519,10173.4780900262
5791.93235,4.76247104542153,763301.40431924,7579.70808210863,10177.3520575899
5791.94235,4.77183128214374,763591.925210878,7594.60536153713,10181.2256694784
5791.95235,4.78120477939351,763882.419426881,7609.52374575072,10185.0989256917
5791.96234,4.79059153717082,764172.88696725,7624.46323474938,10188.97182623
5791.97234,4.7999915554757,764463.327831982,7639.42382853312,10192.8443710931
5791.98234,4.80940483430813,764753.742021082,7654.40552710197,10196.7165602811
5791.99233,4.81883137366811,765044.129534545,7669.40833045588,10200.5883937939
5792.00233,4.82827117355564,765334.490372374,7684.43223859486,10204.4598716317
5792.01233,4.83772423397071,765624.824534568,7699.47725151892,10208.3309937942
5792.02233,4.84719055491335,765915.132021127,7714.54336922807,10212.2017602817
5792.03232,4.85667013638354,766205.41283205,7729.63059172231,10216.072171094
5792.04232,4.86616297838129,766495.666967339,7744.73891900162,10219.9422262312
5792.05232,4.87566908090658,766785.894426994,7759.868351066,10223.8119256933
5792.06232,4.88518844395943,767076.095211015,7775.01888791547,10227.6812694802
5792.07231,4.89472106753983,767366.269319399,7790.19052955003,10231.550257592
5792.08231,4.90426695164778,767656.416752149,7805.38327596965,10235.4188900287
5792.09231,4.91382609628329,767946.537509263,7820.59712717438,10239.2871667902
5792.10231,4.92339850144635,768236.631590745,7835.83208316416,10243.1550878766
5792.1123,4.93298416713696,768526.69899659,7851.08814393904,10247.0226532879
5792.1223,4.94258309335512,768816.739726801,7866.36530949899,10250.889863024
5792.1323,4.95219528010084,769106.753781377,7881.66357984402,10254.756717085
5792.1423,4.96182072737411,769396.741160317,7896.98295497414,10258.6232154709
5792.15229,4.97145943517494,769686.701863623,7912.32343488933,10262.4893581816
5792.16229,4.98111140350331,769976.635891294,7927.6850195896,10266.3551452173
5792.17229,4.99077663235924,770266.54324333,7943.06770907496,10270.2205765777
5792.18229,5.00045512174273,770556.423919732,7958.47150334541,10274.0856522631
5792.19228,5.01014687165376,770846.277920498,7973.89640240092,10277.9503722733
5792.20228,5.01985188209236,771136.10524563,7989.34240624153,10281.8147366084
5792.21228,5.02957015305849,771425.905895128,8004.80951486719,10285.6787452684
5792.22227,5.03930168455218,771715.679868989,8020.29772827795,10289.5423982532
5792.23227,5.04904647657343,772005.427167216,8035.80704647379,10293.4056955629
5792.24227,5.05880452912223,772295.147789809,8051.3374694547,10297.2686371975
5792.25227,5.06857584219858,772584.841736766,8066.8889972207,10301.1312231569
5792.26226,5.07836041580248,772874.509008088,8082.46162977178,10304.9934534412
5792.27226,5.08815824993394,773164.149603777,8098.05536710793,10308.8553280504
5792.28226,5.09796934459295,773453.76352383,8113.67020922918,10312.7168469844
5792.29226,5.10779369977951,773743.350768247,8129.30615613549,10316.5780102433
5792.30225,5.11763131549362,774032.91133703,8144.96320782689,10320.4388178271
5792.31225,5.1274821917353,774322.445230178,8160.64136430338,10324.2992697357
5792.32225,5.13734632850452,774611.952447691,8176.34062556495,10328.1593659692
5792.33225,5.1472237258013,774901.432989572,8192.0609916116,10332.0191065276
5792.34224,5.15711438362563,775190.886855815,8207.80246244332,10335.8784914109
5792.35224,5.16701830197751,775480.314046423,8223.56503806012,10339.737520619
5792.36224,5.17693548085694,775769.714561397,8239.348718462,10343.596194152
5792.37224,5.18686592026393,776059.088400737,8255.15350364897,10347.4545120098
5792.38223,5.19680962019846,776348.435564441,8270.979393621,10351.3124741926
5792.39223,5.20676658066055,776637.75605251,8286.82638837813,10355.1700807001
5792.40223,5.2167368016502,776927.049864944,8302.69448792034,10359.0273315326
5792.41223,5.2267202831674,777216.317001745,8318.58369224763,10362.8842266899
5792.42222,5.23671702521214,777505.557462911,8334.49400135998,10366.7407661721
5792.43222,5.24672702778445,777794.77124844,8350.42541525743,10370.5969499792
5792.44222,5.25675029088431,778083.958358335,8366.37793393997,10374.4527781111
5792.45221,5.26678681451171,778373.118792595,8382.35155740756,10378.3082505679
5792.46221,5.27683659866667,778662.252551222,8398.34628566025,10382.1633673496
5792.47221,5.28689964334919,778951.359634211,8414.36211869802,10386.0181284562
5792.48221,5.29697594855926,779240.440041569,8430.39905652087,10389.8725338876
5792.4922,5.30706551429687,779529.493773289,8446.45709912879,10393.7265836439
5792.5022,5.31716834056204,779818.520829374,8462.53624652179,10397.580277725
5792.5122,5.32728442735477,780107.521209826,8478.63649869989,10401.433616131
5792.5222,5.33741377467505,780396.494914643,8494.75785566305,10405.2865988619
5792.53219,5.34755638252289,780685.441943824,8510.90031741132,10409.1392259177
5792.54219,5.35771225089827,780974.36229737,8527.06388394465,10412.9914972983
5792.55219,5.36788137980121,781263.255975283,8543.24855526306,10416.8434130038
5792.56219,5.37806376923169,781552.122977559,8559.45433136653,10420.6949730341
5792.57218,5.38825941918973,781840.9633042,8575.6812122551,10424.5461773893
5792.58218,5.39846832967533,782129.776955209,8591.92919792877,10428.3970260694
5792.59218,5.40869050068848,782418.563930581,8608.1982883875,10432.2475190744
5792.60218,5.41892593222919,782707.324230318,8624.48848363132,10436.0976564042
5792.61217,5.42917462429743,782996.057854421,8640.7997836602,10439.9474380589
5792.62217,5.43943657689324,783284.76480289,8657.13218847418,10443.7968640385
5792.63217,5.44971179001659,783573.445075722,8673.48569807322,10447.645934343
5792.64217,5.46000026366751,783862.098672921,8689.86031245737,10451.4946489723
5792.65216,5.47030199784598,784150.725594484,8706.25603162658,10455.3430079265
5792.66216,5.480616992552,784439.325840413,8722.67285558088,10459.1910112055
5792.67216,5.49094524778556,784727.899410705,8739.11078432025,10463.0386588094
5792.68216,5.5012867635467,785016.446305365,8755.56981784472,10466.8859507382
5792.69215,5.51164153983537,785304.966524389,8772.04995615425,10470.7328869919
5792.70215,5.5220095766516,785593.460067777,8788.55119924886,10474.5794675704
5792.71215,5.53239087399538,785881.926935532,8805.07354712855,10478.4256924738
5792.72214,5.54278543186671,786170.367127651,8821.61699979333,10482.271561702
5792.73214,5.55319325026561,786458.780644136,8838.1815572432,10486.1170752551
5792.74214,5.56361432919204,786747.167484986,8854.76721947813,10489.9622331331
5792.75214,5.57404866864604,787035.5276502,8871.37398649816,10493.807035336
5792.76213,5.58449626862757,787323.861139779,8888.00185830324,10497.6514818637
5792.77213,5.59495712913668,787612.167953725,8904.65083489342,10501.4955727163
5792.78213,5.60543125017334,787900.448092036,8921.3209162687,10505.3393078938
5792.79213,5.61591863173754,788188.70155471,8938.01210242903,10509.1826873961
5792.80212,5.62641927382929,788476.928341751,8954.72439337444,10513.0257112233
5792.81212,5.6369331764486,788765.128453157,8971.45778910494,10516.8683793754
5792.82212,5.64746033959548,789053.301888926,8988.21228962054,10520.7106918523
5792.83212,5.65800076326989,789341.448649064,9004.9878949212,10524.5526486542
5792.84211,5.66855444747186,789629.568733565,9021.78460500694,10528.3942497809
5792.85211,5.67912139220138,789917.66214243,9038.60241987777,10532.2354952324
5792.86211,5.68970159745845,790205.728875661,9055.44133953367,10536.0763850088
5792.87211,5.70029506324308,790493.768933259,9072.30136397465,10539.9169191101
5792.8821,5.71090178955527,790781.78231522,9089.18249320072,10543.7570975363
5792.8921,5.721521776395,791069.769021546,9106.08472721186,10547.5969202873
5792.9021,5.73215502376228,791357.72905224,9123.00806600807,10551.4363873632
5792.9121,5.74280153165713,791645.662407296,9139.9525095894,10555.2754987639
5792.92209,5.7534613000795,791933.569086716,9156.91805795575,10559.1142544896
