Time,Velocity,Pressure,Gamma,Tau
6307.77807,0.515846072271514,531347.668671572,820.994522765505,7084.63558228762
6307.78807,0.521936211905951,532043.598110339,830.68728103491,7093.91464147119
6307.79807,0.528034544686862,532738.661697263,840.393079101924,7103.18215596351
6307.80807,0.534141070614243,533432.859432341,850.111916966539,7112.43812576455
6307.81806,0.540255789688102,534126.191315575,859.843794628768,7121.68255087434
6307.82806,0.546378701908431,534818.657346964,869.588712088599,7130.91543129285
6307.83806,0.552509807275235,535510.257526508,879.346669346042,7140.13676702011
6307.84806,0.558649105788512,536200.991854208,889.117666401089,7149.3465580561
6307.85805,0.564796597448266,536890.860330062,898.901703253748,7158.54480440083
6307.86805,0.570952282254491,537579.862954072,908.698779904013,7167.7315060543
6307.87805,0.577116160207187,538267.999726237,918.508896351879,7176.90666301649
6307.88805,0.583288231306357,538955.270646558,928.332052597356,7186.07027528744
6307.89804,0.589468495552003,539641.675715032,938.168248640442,7195.2223428671
6307.90804,0.59565695294412,540327.214931664,948.017484481133,7204.36286575552
6307.91804,0.601853603482713,541011.888296449,957.879760119433,7213.49184395266
6307.92804,0.608058447167776,541695.69580939,967.755075555337,7222.60927745854
6307.93803,0.614271483999314,542378.637470486,977.643430788849,7231.71516627315
6307.94803,0.620492713977325,543060.713279738,987.544825819969,7240.8095103965
6307.95803,0.626722137101812,543741.923237144,997.4592606487,7249.89230982859
6307.96803,0.632959753372771,544422.267342706,1007.38673527503,7258.96356456941
6307.97802,0.639205562790204,545101.745596424,1017.32724969898,7268.02327461898
6307.98802,0.645459565354109,545780.357998295,1027.28080392053,7277.07143997727
6307.99802,0.651721761064487,546458.104548323,1037.24739793968,7286.10806064431
6308.00801,0.65799214992134,547134.985246506,1047.22703175645,7295.13313662007
6308.01801,0.664270731924666,547811.000092843,1057.21970537082,7304.14666790458
6308.02801,0.670557507074465,548486.149087337,1067.2254187828,7313.14865449782
6308.03801,0.676852475370737,549160.432229985,1077.24417199238,7322.1390963998
6308.048,0.683155636813483,549833.849520788,1087.27596499957,7331.11799361051
6308.058,0.689466991402705,550506.400959747,1097.32079780438,7340.08534612996
6308.068,0.695786539138395,551178.086546861,1107.37867040678,7349.04115395815
6308.078,0.702114280020564,551848.90628213,1117.4495828068,7357.98541709507
6308.08799,0.708450214049202,552518.860165554,1127.53353500442,7366.91813554072
6308.09799,0.714794341224316,553187.948197134,1137.63052699965,7375.83930929512
6308.10799,0.721146661545903,553856.170376868,1147.74055879249,7384.74893835824
6308.11799,0.727507175013962,554523.526704758,1157.86363038293,7393.64702273011
6308.12798,0.733875881628497,555190.017180803,1167.99974177098,7402.53356241071
6308.13798,0.740252781389503,555855.641805004,1178.14889295664,7411.40855740006
6308.14798,0.746637874296983,556520.400577359,1188.3110839399,7420.27200769812
6308.15798,0.753031160350939,557184.29349787,1198.48631472078,7429.12391330493
6308.16797,0.759432639551366,557847.320566536,1208.67458529925,7437.96427422048
6308.17797,0.765842311898267,558509.481783357,1218.87589567534,7446.79309044476
6308.18797,0.77226017739164,559170.777148333,1229.09024584904,7455.61036197778
6308.19797,0.778686236031488,559831.206661465,1239.31763582034,7464.41608881953
6308.20796,0.785120487817808,560490.770322751,1249.55806558924,7473.21027097002
6308.21796,0.791562932750603,561149.468132193,1259.81153515576,7481.99290842924
6308.22796,0.798013570829871,561807.300089791,1270.07804451988,7490.76400119721
6308.23796,0.804472402055613,562464.266195543,1280.35759368161,7499.52354927391
6308.24795,0.810939426427828,563120.36644945,1290.65018264095,7508.27155265934
6308.25795,0.817414643946516,563775.600851513,1300.9558113979,7517.00801135351
6308.26795,0.823898054611677,564429.969401731,1311.27447995245,7525.73292535641
6308.27794,0.830389658423313,565083.472100104,1321.60618830461,7534.44629466806
6308.28794,0.83688945538142,565736.108946633,1331.95093645437,7543.14811928844
6308.29794,0.843397445486003,566387.879941316,1342.30872440175,7551.83839921755
6308.30794,0.849913628737059,567038.785084155,1352.67955214673,7560.5171344554
6308.31793,0.856438005134589,567688.824375149,1363.06341968932,7569.18432500199
6308.32793,0.862970574678588,568337.997814298,1373.46032702951,7577.8399708573
6308.33793,0.869511337369065,568986.305401603,1383.87027416731,7586.48407202137
6308.34793,0.876060293206014,569633.747137062,1394.29326110272,7595.11662849416
6308.35792,0.882617442189437,570280.323020677,1404.72928783574,7603.73764027569
6308.36792,0.889182784319332,570926.033052447,1415.17835436636,7612.34710736596
6308.37792,0.895756319595703,571570.877232372,1425.6404606946,7620.94502976496
6308.38792,0.902338048018545,572214.855560452,1436.11560682043,7629.53140747269
6308.39791,0.908927969587862,572857.968036688,1446.60379274388,7638.10624048917
6308.40791,0.915526084303651,573500.214661079,1457.10501846493,7646.66952881438
6308.41791,0.922132392165915,574141.595433625,1467.61928398359,7655.22127244833
6308.42791,0.928746893174652,574782.110354326,1478.14658929986,7663.76147139101
6308.4379,0.935369587329861,575421.759423182,1488.68693441374,7672.29012564243
6308.4479,0.942000474631543,576060.542640194,1499.24031932522,7680.80723520258
6308.4579,0.948639555079701,576698.460005361,1509.80674403431,7689.31280007147
6308.4679,0.955286828674332,577335.511518683,1520.386208541,7697.80682024911
6308.47789,0.961942295415436,577971.69718016,1530.97871284531,7706.28929573547
6308.48789,0.968605955303012,578607.016989793,1541.58425694722,7714.76022653057
6308.49789,0.975277808337064,579241.47094758,1552.20284084674,7723.2196126344
6308.50788,0.981957854517588,579875.059053523,1562.83446454386,7731.66745404697
6308.51788,0.988646093844586,580507.781307621,1573.4791280386,7740.10375076828
6308.52788,0.995342526318055,581139.637709874,1584.13683133093,7748.52850279833
6308.53788,1.002047151938,581770.628260283,1594.80757442088,7756.9417101371
6308.54787,1.00875997070442,582400.752958847,1605.49135730844,7765.34337278462
6308.55787,1.01548098261731,583030.011805565,1616.1881799936,7773.73349074087
6308.56787,1.02221018767667,583658.404800439,1626.89804247637,7782.11206400586
6308.57787,1.02894758588251,584285.931943468,1637.62094475674,7790.47909257958
6308.58786,1.03569317723482,584912.593234653,1648.35688683473,7798.83457646204
6308.59786,1.04244696173361,585538.388673992,1659.10586871032,7807.17851565323
6308.60786,1.04920893937887,586163.318261487,1669.86789038351,7815.51091015317
6308.61786,1.0559791101706,586787.381997138,1680.64295185432,7823.83175996184
6308.62785,1.0627574741088,587410.579880943,1691.43105312273,7832.14106507924
6308.63785,1.06954403119348,588032.911912904,1702.23219418875,7840.43882550538
6308.64785,1.07633878142464,588654.378093019,1713.04637505238,7848.72504124026
6308.65785,1.08314172480226,589274.97842129,1723.87359571361,7856.99971228387
6308.66784,1.08995286132636,589894.712897716,1734.71385617245,7865.26283863621
6308.67784,1.09677219099693,590513.581522298,1745.5671564289,7873.5144202973
6308.68784,1.10359971381398,591131.584295034,1756.43349648296,7881.75445726712
6308.69784,1.1104354297775,591748.721215926,1767.31287633462,7889.98294954568
6308.70783,1.11727933888749,592364.992284973,1778.20529598389,7898.19989713297
6308.71783,1.12413144114396,592980.397502175,1789.11075543077,7906.405300029
6308.72783,1.1309917365469,593594.936867532,1800.02925467525,7914.59915823376
6308.73782,1.13786022509631,594208.610381045,1810.96079371734,7922.78147174726
6308.74782,1.1447369067922,594821.418042713,1821.90537255704,7930.95224056951
6308.75782,1.15162178163456,595433.359852535,1832.86299119435,7939.11146470047
6308.76782,1.15851484962339,596044.435810513,1843.83364962926,7947.25914414018
6308.77781,1.1654161107587,596654.645916647,1854.81734786178,7955.39527888862
6308.78781,1.17232556504048,597263.990170935,1865.81408589191,7963.5198689458
6308.79781,1.17924321246873,597872.468573379,1876.82386371964,7971.63291431172
6308.80781,1.18616905304346,598480.081123978,1887.84668134499,7979.73441498638
6308.8178,1.19310308676466,599086.827822732,1898.88253876794,7987.82437096977
6308.8278,1.20004531363233,599692.708669642,1909.93143598849,7995.90278226189
6308.8378,1.20699573364648,600297.723664706,1920.99337300666,8003.96964886274
6308.8478,1.2139543468071,600901.872807926,1932.06834982243,8012.02497077234
6308.85779,1.22092115311419,601505.156099301,1943.15636643581,8020.06874799068
6308.86779,1.22789615256776,602107.573538831,1954.25742284679,8028.10098051775
6308.87779,1.2348793451678,602709.125126517,1965.37151905539,8036.12166835356
6308.88779,1.24187073091432,603309.810862357,1976.49865506159,8044.13081149809
6308.89778,1.24887030980731,603909.630746353,1987.63883086539,8052.12840995137
6308.90778,1.25587808184677,604508.584778504,1998.79204646681,8060.11446371338
6308.91778,1.2628940470327,605106.67295881,2009.95830186583,8068.08897278413
6308.92778,1.26991820536511,605703.895287272,2021.13759706246,8076.05193716362
6308.93777,1.27695055684399,606300.251763888,2032.3299320567,8084.00335685184
6308.94777,1.28399110146935,606895.74238866,2043.53530684854,8091.9432318488
6308.95777,1.29103983924118,607490.367161587,2054.75372143799,8099.87156215449
6308.96777,1.29809677015948,608084.126082669,2065.98517582505,8107.78834776892
6308.97776,1.30516189422425,608677.019151906,2077.22967000971,8115.69358869209
6308.98776,1.3122352114355,609269.0463693,2088.48720399199,8123.587284924
6308.99776,1.31931672179322,609860.207734847,2099.75777777187,8131.46943646463
6309.00775,1.32640642529742,610450.50324855,2111.04139134935,8139.340043314
6309.01775,1.33350432194809,611039.932910408,2122.33804472444,8147.19910547211
6309.02775,1.34061041174523,611628.496720421,2133.64773789715,8155.04662293895
6309.03775,1.34772469468885,612216.19467859,2144.97047086746,8162.88259571454
6309.04774,1.35484717077894,612803.026784914,2156.30624363537,8170.70702379886
6309.05774,1.3619778400155,613388.993039393,2167.6550562009,8178.5199071919
6309.06774,1.36911670239854,613974.093442028,2179.01690856402,8186.3212458937
6309.07774,1.37626375792804,614558.327992817,2190.39180072476,8194.11103990423
6309.08773,1.38341900660403,615141.696691761,2201.77973268311,8201.88928922348
6309.09773,1.39058244842649,615724.199538861,2213.18070443906,8209.65599385149
6309.10773,1.39775408339542,616305.836534116,2224.59471599262,8217.41115378822
6309.11773,1.40493391151082,616886.607677527,2236.02176734378,8225.15476903369
6309.12772,1.4121219327727,617466.512969092,2247.46185849256,8232.8868395879
6309.13772,1.41931814718105,618045.552408813,2258.91498943894,8240.60736545084
6309.14772,1.42652255473587,618623.725996689,2270.38116018293,8248.31634662252
6309.15772,1.43373515543717,619201.03373272,2281.86037072452,8256.01378310293
6309.16771,1.44095594928494,619777.475616906,2293.35262106372,8263.69967489208
6309.17771,1.44818493627918,620353.051649248,2304.85791120054,8271.37402198997
6309.18771,1.4554221164199,620927.761829745,2316.37624113495,8279.03682439659
6309.19771,1.46266748970709,621501.606158396,2327.90761086698,8286.68808211195
6309.2077,1.46992105614076,622074.584635203,2339.45202039661,8294.32779513604
6309.2177,1.47718281572089,622646.697260166,2351.00946972384,8301.95596346888
6309.2277,1.48445276844751,623217.944033283,2362.57995884869,8309.57258711044
6309.23769,1.49173091432059,623788.324954556,2374.16348777115,8317.17766606075
6309.24769,1.49901725334015,624357.840023984,2385.76005649121,8324.77120031978
6309.25769,1.50631178550618,624926.489241567,2397.36966500887,8332.35318988756
6309.26769,1.51361451081868,625494.272607305,2408.99231332415,8339.92363476407
6309.27768,1.52092542927766,626061.190121198,2420.62800143703,8347.48253494931
6309.28768,1.52824454088312,626627.241783248,2432.27672934752,8355.0298904433
6309.29768,1.53557184563504,627192.427593452,2443.93849705562,8362.56570124603
6309.30768,1.54290734353344,627756.74755181,2455.61330456132,8370.08996735747
6309.31767,1.55025103457831,628320.201658325,2467.30115186463,8377.60268877767
6309.32767,1.55760291876966,628882.789912995,2479.00203896555,8385.1038655066
6309.33767,1.56496299610748,629444.512315819,2490.71596586407,8392.59349754426
6309.34767,1.57233126659177,630005.3688668,2502.44293256021,8400.07158489066
6309.35766,1.57970773022253,630565.359565935,2514.18293905395,8407.5381275458
6309.36766,1.58709238699977,631124.484413225,2525.9359853453,8414.99312550966
6309.37766,1.59448523692349,631682.74340867,2537.70207143425,8422.43657878227
6309.38766,1.60188627999368,632240.136552271,2549.48119732081,8429.86848736362
6309.39765,1.60929551621033,632796.663844027,2561.27336300498,8437.2888512537
6309.40765,1.61671294557347,633352.325283938,2573.07856848675,8444.69767045251
6309.41765,1.62413856808307,633907.120872005,2584.89681376614,8452.09494496007
6309.42765,1.63157238373915,634461.050608227,2596.72809884313,8459.48067477636
6309.43764,1.63901439254171,635014.114492603,2608.57242371773,8466.85485990138
6309.44764,1.64646459449073,635566.312525135,2620.42978838993,8474.21750033514
6309.45764,1.65392298958623,636117.644705822,2632.30019285974,8481.56859607763
6309.46763,1.66138957782821,636668.111034665,2644.18363712716,8488.90814712887
6309.47763,1.66886435921666,637217.711511662,2656.08012119219,8496.23615348883
6309.48763,1.67634733375157,637766.446136815,2667.98964505482,8503.55261515754
6309.49763,1.68383850143297,638314.314910123,2679.91220871506,8510.85753213497
6309.50762,1.69133786226083,638861.317831587,2691.84781217291,8518.15090442116
6309.51762,1.69884541623518,639407.454901205,2703.79645542837,8525.43273201606
6309.52762,1.70636116335599,639952.726118979,2715.75813848143,8532.70301491971
6309.53762,1.71388510362328,640497.131484908,2727.7328613321,8539.96175313211
6309.54761,1.72141723703704,641040.670998991,2739.72062398038,8547.20894665322
6309.55761,1.72895756359727,641583.34466123,2751.72142642626,8554.44459548307
6309.56761,1.73650608330398,642125.152471625,2763.73526866975,8561.66869962167
6309.57761,1.74406279615716,642666.094430175,2775.76215071085,8568.881259069
6309.5876,1.75162770215682,643206.17053688,2787.80207254956,8576.08227382506
6309.5976,1.75920080130295,643745.38079174,2799.85503418587,8583.27174388987
6309.6076,1.76678209359555,644283.725194755,2811.92103561979,8590.4496692634
6309.6176,1.77437157903462,644821.203745925,2824.00007685132,8597.61604994567
6309.62759,1.78196925762018,645357.816445251,2836.09215788046,8604.77088593668
6309.63759,1.7895751293522,645893.563292731,2848.1972787072,8611.91417723642
6309.64759,1.79718919423069,646428.444288368,2860.31543933155,8619.04592384491
6309.65759,1.80481145225566,646962.459432159,2872.44663975351,8626.16612576212
6309.66758,1.8124419034271,647495.608724106,2884.59087997307,8633.27478298808
6309.67758,1.82008054774502,648027.892164207,2896.74815999024,8640.37189552277
6309.68758,1.82772738520941,648559.309752464,2908.91847980502,8647.45746336619
6309.69758,1.83538241582027,649089.861488876,2921.1018394174,8654.53148651835
6309.70757,1.84304563957761,649619.547373444,2933.2982388274,8661.59396497925
6309.71757,1.85071705648142,650148.367406166,2945.507678035,8668.64489874888
6309.72757,1.8583966665317,650676.321587045,2957.7301570402,8675.68428782726
6309.73756,1.86608446972845,651203.409916077,2969.96567584302,8682.71213221436
6309.74756,1.87378046607168,651729.632393265,2982.21423444344,8689.7284319102
6309.75756,1.88148465556139,652254.989018608,2994.47583284147,8696.73318691478
6309.76756,1.88919703819756,652779.479792107,3006.7504710371,8703.72639722809
6309.77755,1.89691761398021,653303.104713761,3019.03814903035,8710.70806285014
6309.78755,1.90464638290934,653825.86378357,3031.3388668212,8717.67818378093
6309.79755,1.91238334498493,654347.757001534,3043.65262440966,8724.63676002045
6309.80755,1.92012850020701,654868.784367654,3055.97942179573,8731.58379156872
6309.81754,1.92788184857555,655388.945881928,3068.3192589794,8738.5192784257
6309.82754,1.93564339009057,655908.241544357,3080.67213596068,8745.44322059143
6309.83754,1.94341312475206,656426.671354942,3093.03805273956,8752.3556180659
6309.84754,1.95119105256002,656944.235313682,3105.41700931606,8759.2564708491
6309.85753,1.95897717351446,657460.933420578,3117.80900569016,8766.14577894105
6309.86753,1.96677148761537,657976.765675628,3130.21404186187,8773.02354234171
6309.87753,1.97457399486276,658491.732078834,3142.63211783119,8779.88976105112
6309.88753,1.98238469525661,659005.832630195,3155.06323359811,8786.74443506927
6309.89752,1.99020358879694,659519.067329711,3167.50738916264,8793.58756439615
6309.90752,1.99803067548375,660031.436177383,3179.96458452478,8800.41914903178
6309.91752,2.00586595531703,660542.939173209,3192.43481968451,8807.23918897613
6309.92752,2.01370942829678,661053.576317191,3204.91809464187,8814.04768422922
6309.93751,2.02156109442301,661563.347609329,3217.41440939683,8820.84463479105
6309.94751,2.0294209536957,662072.25304962,3229.92376394939,8827.6300406616
6309.95751,2.03728900611488,662580.292638067,3242.44615829957,8834.4039018409
6309.9675,2.04516525168052,663087.46637467,3254.98159244735,8841.16621832894
6309.9775,2.05304969039264,663593.774259429,3267.53006639274,8847.91699012572
6309.9875,2.06094232225123,664099.216292341,3280.09158013574,8854.65621723121
6309.9975,2.0688431472563,664603.792473409,3292.66613367634,8861.38389964546
6310.00749,2.07675216540784,665107.502802633,3305.25372701455,8868.10003736844
6310.01749,2.08466937670585,665610.347280011,3317.85436015036,8874.80463040015
6310.02749,2.09259478115034,666112.325905545,3330.46803308379,8881.4976787406
6310.03749,2.10052837874129,666613.438679234,3343.09474581482,8888.17918238979
6310.04748,2.10847016947873,667113.685601079,3355.73449834346,8894.84914134772
6310.05748,2.11642015336263,667613.066671078,3368.3872906697,8901.50755561437
6310.06748,2.12437833039301,668111.581889233,3381.05312279356,8908.15442518977
6310.07748,2.13234470056987,668609.231255542,3393.73199471502,8914.78975007389
6310.08747,2.14031926389319,669106.014770007,3406.42390643409,8921.41353026676
6310.09747,2.14830202036299,669601.932432628,3419.12885795076,8928.02576576838
6310.10747,2.15629296997927,670096.984243403,3431.84684926504,8934.62645657871
6310.11747,2.16429211274201,670591.170202334,3444.57788037693,8941.21560269779
6310.12746,2.17229944865123,671084.49030942,3457.32195128643,8947.7932041256
6310.13746,2.18031497770693,671576.944564661,3470.07906199353,8954.35926086214
6310.14746,2.18833869990909,672068.532968056,3482.84921249824,8960.91377290742
6310.15746,2.19637061525774,672559.255519608,3495.63240280056,8967.45674026144
6310.16745,2.20441072375285,673049.112219315,3508.42863290049,8973.9881629242
6310.17745,2.21245902539444,673538.103067177,3521.23790279802,8980.50804089569
6310.18745,2.2205155201825,674026.228063194,3534.06021249316,8987.01637417592
6310.19744,2.22858020811703,674513.487207366,3546.89556198591,8993.51316276489
6310.20744,2.23665308919804,674999.880499694,3559.74395127626,8999.99840666259
6310.21744,2.24473416342552,675485.407940177,3572.60538036423,9006.47210586902
6310.22744,2.25282343079948,675970.069528814,3585.47984924979,9012.93426038419
6310.23743,2.2609208913199,676453.865265608,3598.36735793296,9019.3848702081
6310.24743,2.26902654498681,676936.795150556,3611.26790641375,9025.82393534075
6310.25743,2.27714039180018,677418.859183659,3624.18149469214,9032.25145578212
6310.26743,2.28526243176003,677900.057364918,3637.10812276814,9038.66743153224
6310.27742,2.29339266486635,678380.389694332,3650.04779064174,9045.0718625911
6310.28742,2.30153109111915,678859.856171901,3663.00049831296,9051.46474895869
6310.29742,2.30967771051842,679338.456797625,3675.96624578178,9057.846090635
6310.30742,2.31783252306416,679816.191571505,3688.94503304821,9064.21588762007
6310.31741,2.32599552875637,680293.06049354,3701.93686011224,9070.57413991386
6310.32741,2.33416672759506,680769.06356373,3714.94172697387,9076.9208475164
6310.33741,2.34234611958022,681244.200782075,3727.95963363313,9083.25601042766
6310.34741,2.35053370471186,681718.472148575,3740.99058008998,9089.57962864767
6310.3574,2.35872948298997,682191.877663231,3754.03456634444,9095.89170217641
6310.3674,2.36693345441455,682664.417326041,3767.09159239651,9102.19223101389
6310.3774,2.37514561898561,683136.091137008,3780.16165824619,9108.48121516011
6310.3874,2.38336597670314,683606.899096129,3793.24476389348,9114.75865461505
6310.39739,2.39159452756714,684076.841203405,3806.34090933837,9121.02454937873
6310.40739,2.39983127157762,684545.917458836,3819.45009458087,9127.27889945115
6310.41739,2.40807620873457,685014.127862423,3832.57231962097,9133.52170483231
6310.42739,2.41632933903799,685481.472414165,3845.70758445869,9139.75296552221
6310.43738,2.42459066248789,685947.951114062,3858.85588909401,9145.97268152083
6310.44738,2.43286017908426,686413.563962115,3872.01723352694,9152.1808528282
6310.45738,2.4411378888271,686878.310958322,3885.19161775747,9158.37747944429
6310.46737,2.44942379171642,687342.192102686,3898.37904178561,9164.56256136914
6310.47737,2.45771788775221,687805.207395203,3911.57950561136,9170.73609860271
6310.48737,2.46602017693447,688267.356835876,3924.79300923472,9176.89809114502
6310.49737,2.47433065926321,688728.640424705,3938.01955265568,9183.04853899607
6310.50736,2.48264933473842,689189.058161688,3951.25913587425,9189.18744215584
6310.51736,2.49097620336011,689648.610046828,3964.51175889043,9195.31480062437
6310.52736,2.49931126512826,690107.296080121,3977.77742170422,9201.43061440162
6310.53736,2.50765452004289,690565.116261571,3991.05612431561,9207.53488348761
6310.54735,2.516005968104,691022.070591175,4004.34786672461,9213.62760788233
6310.55735,2.52436560931158,691478.159068935,4017.65264893122,9219.70878758579
6310.56735,2.53273344366563,691933.381694849,4030.97047093544,9225.77842259799
6310.57735,2.54110947116615,692387.738468919,4044.30133273725,9231.83651291892
6310.58734,2.54949369181315,692841.229391145,4057.64523433668,9237.88305854859
6310.59734,2.55788610560663,693293.854461525,4071.00217573372,9243.918059487
6310.60734,2.56628671254657,693745.613680061,4084.37215692837,9249.94151573414
6310.61734,2.57469551263299,694196.507046752,4097.75517792062,9255.95342729003
6310.62733,2.58311250586588,694646.534561598,4111.15123871048,9261.95379415463
6310.63733,2.59153769224524,695095.696224599,4124.56033929794,9267.94261632799
6310.64733,2.59997107177108,695543.992035755,4137.98247968301,9273.91989381007
6310.65733,2.6084126444434,695991.421995067,4151.41765986569,9279.8856266009
6310.66732,2.61686241026218,696437.986102534,4164.86587984597,9285.83981470046
6310.67732,2.62532036922744,696883.684358156,4178.32713962387,9291.78245810874
6310.68732,2.63378652133918,697328.516761933,4191.80143919937,9297.71355682578
6310.69731,2.64226086659738,697772.483313866,4205.28877857248,9303.63311085154
6310.70731,2.65074340500206,698215.584013953,4218.7891577432,9309.54112018604
6310.71731,2.65923413655321,698657.818862197,4232.30257671152,9315.43758482929
6310.72731,2.66773306125084,699099.187858595,4245.82903547745,9321.32250478126
6310.7373,2.67624017909494,699539.691003148,4259.36853404099,9327.19588004197
6310.7473,2.68475549008551,699979.328295857,4272.92107240213,9333.05771061143
6310.7573,2.69327899422256,700418.09973672,4286.48665056089,9338.9079964896
6310.7673,2.70181069150608,700856.005325739,4300.06526851724,9344.74673767652
6310.77729,2.71035058193607,701293.045062914,4313.65692627121,9350.57393417218
6310.78729,2.71889866551254,701729.218948242,4327.26162382278,9356.38958597657
6310.79729,2.72745494223548,702164.526981727,4340.87936117196,9362.19369308969
6310.80729,2.73601941210489,702598.969163366,4354.51013831875,9367.98625551155
6310.81728,2.74459207512078,703032.545493162,4368.15395526315,9373.76727324215
6310.82728,2.75317293128314,703465.255971112,4381.81081200515,9379.53674628149
6310.83728,2.76176198059198,703897.100597217,4395.48070854476,9385.29467462956
6310.84728,2.77035922304728,704328.079371478,4409.16364488198,9391.04105828637
6310.85727,2.77896465864907,704758.192293893,4422.85962101681,9396.77589725191
6310.86727,2.78757828739732,705187.439364464,4436.56863694923,9402.49919152619
6310.87727,2.79620010929205,705615.820583191,4450.29069267927,9408.21094110921
6310.88727,2.80483012433325,706043.335950071,4464.02578820691,9413.91114600095
6310.89726,2.81346833252092,706469.985465108,4477.77392353217,9419.59980620144
6310.90726,2.82211473385507,706895.7691283,4491.53509865503,9425.27692171066
6310.91726,2.83076932833569,707320.686939647,4505.3093135755,9430.94249252863
6310.92726,2.83943211596279,707744.738899149,4519.09656829357,9436.59651865531
6310.93725,2.84810309673635,708167.925006806,4532.89686280926,9442.23900009075
6310.94725,2.8567822706564,708590.245262619,4546.71019712255,9447.86993683492
6310.95725,2.86546963772291,709011.699666587,4560.53657123344,9453.48932888783
6310.96724,2.8741651979359,709432.28821871,4574.37598514194,9459.09717624946
6310.97724,2.88286895129536,709852.010918988,4588.22843884805,9464.69347891984
6310.98724,2.8915808978013,710270.867767422,4602.09393235177,9470.27823689896
6310.99724,2.90030103745371,710688.85876401,4615.9724656531,9475.85145018681
6311.00723,2.90902937025259,711105.983908754,4629.86403875203,9481.41311878338
6311.01723,2.91776589619795,711522.243201653,4643.76865164858,9486.96324268871
6311.02723,2.92651061528978,711937.636642708,4657.68630434272,9492.50182190277
6311.03723,2.93526352752808,712352.164231916,4671.61699683448,9498.02885642555
6311.04722,2.94402463291286,712765.825969281,4685.56072912384,9503.54434625708
6311.05722,2.95279393144411,713178.6218548,4699.51750121081,9509.04829139734
6311.06722,2.96157142312183,713590.551888476,4713.48731309538,9514.54069184635
6311.07722,2.97035710794603,714001.616070306,4727.47016477757,9520.02154760408
6311.08721,2.9791509859167,714411.814400291,4741.46605625736,9525.49085867055
6311.09721,2.98795305703384,714821.146878432,4755.47498753475,9530.94862504576
6311.10721,2.99676332129746,715229.613504728,4769.49695860976,9536.39484672971
6311.11721,3.00558177870754,715637.214279179,4783.53196948237,9541.82952372238
6311.1272,3.01440842926411,716043.949201785,4797.58002015259,9547.2526560238
6311.1372,3.02324327296715,716449.818272547,4811.64111062042,9552.66424363396
6311.1472,3.03208630981666,716854.821491463,4825.71524088585,9558.06428655284
6311.1572,3.04093753981264,717258.958858535,4839.80241094889,9563.45278478047
6311.16719,3.0497969629551,717662.230373763,4853.90262080954,9568.82973831683
6311.17719,3.05866457924403,718064.636037145,4868.01587046779,9574.19514716193
6311.18719,3.06754038867943,718466.175848683,4882.14215992366,9579.54901131577
6311.19718,3.07642439126131,718866.849808375,4896.28148917713,9584.89133077834
6311.20718,3.08531658698966,719266.657916223,4910.43385822821,9590.22210554964
6311.21718,3.09421697586449,719665.600172226,4924.59926707689,9595.54133562968
6311.22718,3.10312555788579,720063.676576384,4938.77771572318,9600.84902101846
6311.23717,3.11204233305356,720460.887128697,4952.96920416708,9606.14516171596
6311.24717,3.1209673013678,720857.231829166,4967.17373240859,9611.42975772222
6311.25717,3.12990046282852,721252.71067779,4981.3913004477,9616.7028090372
6311.26717,3.13884181743571,721647.323674569,4995.62190828442,9621.96431566093
6311.27716,3.14779136518938,722041.070819503,5009.86555591875,9627.21427759338
6311.28716,3.15674910608952,722433.952112593,5024.12224335069,9632.45269483458
6311.29716,3.16571504013613,722825.967553838,5038.39197058022,9637.6795673845
6311.30716,3.17468916732921,723217.117143238,5052.67473760737,9642.89489524317
6311.31715,3.18367148766877,723607.400880793,5066.97054443213,9648.09867841057
6311.32715,3.19073163172132,723906.020507463,5078.20711268117,9652.08027343284
6311.33715,3.19892581448419,724203.347816621,5091.24855959427,9656.04463755495
6311.34715,3.20793865737698,724593.111819712,5105.59294457124,9661.24149092949
6311.35714,3.21695991116502,724982.024615438,5119.95071590378,9666.4269948725
6311.36714,3.22598957584834,725370.0862038,5134.3218735919,9671.60114938401
6311.37714,3.23502765142692,725757.296584799,5148.7064176356,9676.76395446399
6311.38714,3.24407413790077,726143.655758436,5163.10434803487,9681.91541011248
6311.39713,3.25312903526989,726529.163724708,5177.51566478972,9687.05551632944
6311.40713,3.26219234353428,726913.820483618,5191.94036790014,9692.18427311491
6311.41713,3.27126406269393,727297.626035164,5206.37845736615,9697.30168046885
6311.42712,3.28034419274885,727680.580379346,5220.82993318772,9702.40773839129
6311.43712,3.28943273369903,728062.683516165,5235.29479536487,9707.5024468822
6311.44712,3.29852968554449,728443.935445621,5249.7730438976,9712.58580594162
6311.45712,3.30763504828521,728824.336167714,5264.26467878591,9717.65781556952
6311.46711,3.31674882192119,729203.885682443,5278.76970002978,9722.71847576591
6311.47711,3.32587100645245,729582.583989808,5293.28810762924,9727.76778653078
6311.48711,3.33500160187897,729960.431089811,5307.81990158427,9732.80574786415
6311.49711,3.34414060820075,730337.42698245,5322.36508189487,9737.832359766
6311.5071,3.35328802541781,730713.571667726,5336.92364856106,9742.84762223635
6311.5171,3.36244385353013,731088.865145639,5351.49560158281,9747.85153527518
6311.5271,3.37160809253772,731463.307416187,5366.08094096015,9752.8440988825
6311.5371,3.38078074244058,731836.898479373,5380.67966669306,9757.82531305831
6311.54709,3.3899618032387,732209.638335195,5395.29177878155,9762.7951778026
6311.55709,3.39915127493209,732581.526983654,5409.91727722561,9767.75369311538
6311.56709,3.40834915752075,732952.564424749,5424.55616202524,9772.70085899666
6311.57709,3.41755545100467,733322.750658481,5439.20843318045,9777.63667544642
6311.58708,3.42677015538386,733692.08568485,5453.87409069124,9782.56114246467
6311.59708,3.43599327065832,734060.569503856,5468.55313455761,9787.47426005141
6311.60708,3.44522479682805,734428.202115498,5483.24556477955,9792.37602820663
6311.61708,3.45446473389304,734794.983519776,5497.95138135707,9797.26644693034
6311.62707,3.4637130818533,735160.913716692,5512.67058429016,9802.14551622256
6311.63707,3.47296984070883,735525.992706244,5527.40317357882,9807.01323608325
6311.64707,3.48223501045962,735890.220488432,5542.14914922307,9811.86960651243
6311.65707,3.49150859110568,736253.597063257,5556.90851122289,9816.7146275101
6311.66706,3.50079058264701,736616.122430719,5571.68125957828,9821.54829907625
6311.67706,3.5100809850836,736977.796590817,5586.46739428925,9826.3706212109
6311.68706,3.51937979841547,737338.619543553,5601.2669153558,9831.18159391404
6311.69705,3.5286870226426,737698.591288925,5616.07982277792,9835.98121718566
6311.70705,3.53800265776499,738057.711826932,5630.90611655562,9840.76949102577
6311.71705,3.54732670378266,738415.981157579,5645.74579668889,9845.54641543438
6311.72705,3.55665916069558,738773.39928086,5660.59886317774,9850.31199041147
6311.73704,3.56600002850378,739129.966196778,5675.46531602217,9855.06621595704
6311.74704,3.57534930720725,739485.681905333,5690.34515522217,9859.80909207111
6311.75704,3.58470699680598,739840.546406525,5705.23838077775,9864.54061875366
6311.76704,3.59407309729997,740194.559700353,5720.14499268889,9869.26079600471
6311.77703,3.60344760868924,740547.721786818,5735.06499095563,9873.96962382424
6311.78703,3.61283053097377,740900.032665919,5749.99837557793,9878.66710221226
6311.79703,3.62222186415357,741251.492337657,5764.94514655581,9883.35323116876
6311.80703,3.63162160822864,741602.100802032,5779.90530388927,9888.02801069376
6311.81702,3.64102976319897,741951.858059044,5794.8788475783,9892.69144078725
6311.82702,3.65044632906457,742300.764108692,5809.86577762291,9897.34352144923
6311.83702,3.65987130582544,742648.818950977,5824.86609402309,9901.98425267969
6311.84702,3.66930469348158,742996.022585898,5839.87979677885,9906.61363447864
6311.85701,3.67874649203298,743342.375013456,5854.90688589018,9911.23166684608
6311.86701,3.68819670147965,743687.876233651,5869.94736135709,9915.83834978201
6311.87701,3.69765532182158,744032.526246482,5885.00122317958,9920.43368328642
6311.88701,3.70712235305879,744376.325051949,5900.06847135764,9925.01766735933
6311.897,3.71659779519126,744719.272650054,5915.14910589128,9929.59030200072
6311.907,3.72608164821899,745061.369040795,5930.24312678049,9934.1515872106
6311.917,3.735573912142,745402.614224173,5945.35053402529,9938.70152298897
6311.92699,3.74507458696027,745743.008200187,5960.47132762565,9943.24010933583
6311.93699,3.75458367267381,746082.550968838,5975.60550758159,9947.76734625117
6311.94699,3.76410116928261,746421.242530125,5990.75307389311,9952.283233735
6311.95699,3.77362707678668,746759.08288405,6005.9140265602,9956.78777178733
6311.96698,3.78316139518603,747096.072030611,6021.08836558288,9961.28096040815
6311.97698,3.79270412448063,747432.209969809,6036.27609096111,9965.76279959745
6311.98698,3.80225526467051,747767.496701643,6051.47720269494,9970.23328935524
6311.99698,3.81181481575565,748101.932226114,6066.69170078434,9974.69242968152
6312.00697,3.82138277773605,748435.516543221,6081.9195852293,9979.14022057629
6312.01697,3.83095915061173,748768.249652965,6097.16085602985,9983.57666203954
6312.02697,3.84054393438267,749100.131555346,6112.41551318598,9988.00175407128
6312.03697,3.85013712904887,749431.162250364,6127.68355669767,9992.41549667151
6312.04696,3.85973873461035,749761.341738018,6142.96498656495,9996.81788984024
6312.05696,3.8693487510671,750090.670018308,6158.2598027878,10001.2089335774
6312.06696,3.87896717841911,750419.147091236,6173.56800536623,10005.5886278831
6312.07696,3.88859401666638,750746.7729568,6188.88959430023,10009.9569727573
6312.08695,3.89822926580893,751073.547615,6204.22456958981,10014.3139682
6312.09695,3.90787292584674,751399.471065837,6219.57293123496,10018.6596142112
6312.10695,3.91752499677981,751724.543309311,6234.93467923569,10022.9939107908
6312.11695,3.92718547860816,752048.764345423,6250.309813592,10027.316857939
6312.12694,3.93685437133177,752372.134174169,6265.69833430387,10031.6284556556
6312.13694,3.94653167495065,752694.652795553,6281.10024137134,10035.9287039407
6312.14694,3.9562173894648,753016.320209574,6296.51553479437,10040.2176027943
6312.15693,3.96591151487421,753337.13641623,6311.94421457298,10044.4951522164
6312.16693,3.97561405117889,753657.101415524,6327.38628070716,10048.761352207
6312.17693,3.98532499837884,753976.215207454,6342.84173319692,10053.0162027661
6312.18693,3.99504435647406,754294.477792021,6358.31057204226,10057.2597038936
6312.19692,4.00477212546454,754611.889169225,6373.79279724317,10061.4918555897
6312.20692,4.01450830535028,754928.449339065,6389.28840879965,10065.7126578542
6312.21692,4.0242528961313,755244.158301542,6404.79740671172,10069.9221106872
6312.22692,4.03400589780758,755559.016056656,6420.31979097936,10074.1202140887
6312.23691,4.04376731037913,755873.022604405,6435.85556160258,10078.3069680587
6312.24691,4.05353713384595,756186.177944792,6451.40471858137,10082.4823725972
6312.25691,4.06331536820803,756498.482077816,6466.96726191573,10086.6464277042
6312.26691,4.07310201346538,756809.935003476,6482.54319160568,10090.7991333797
6312.2769,4.082897069618,757120.536721773,6498.13250765119,10094.9404896236
6312.2869,4.09270053666589,757430.287232706,6513.73521005229,10099.0704964361
6312.2969,4.10251241460904,757739.186536276,6529.35129880896,10103.189153817
6312.3069,4.11233270344746,758047.234632483,6544.9807739212,10107.2964617664
6312.31689,4.12216140318114,758354.431521326,6560.62363538903,10111.3924202843
6312.32689,4.1319985138101,758660.777202805,6576.27988321242,10115.4770293707
6312.33689,4.14184403533432,758966.271676922,6591.9495173914,10119.5502890256
6312.34689,4.15169796775381,759270.914943675,6607.63253792595,10123.612199249
6312.35688,4.16156031106856,759574.707003064,6623.32894481607,10127.6627600409
6312.36688,4.17143106527858,759877.647855092,6639.03873806177,10131.7019714012
6312.37688,4.18131023038387,760179.737499754,6654.76191766305,10135.7298333301
6312.38688,4.19119780638443,760480.975937054,6670.4984836199,10139.7463458274
6312.39687,4.20109379328024,760781.363166991,6686.24843593232,10143.7515088932
6312.40687,4.21099819107134,761080.899189563,6702.01177460033,10147.7453225275
6312.41687,4.22091099975769,761379.584004773,6717.78849962391,10151.7277867303
6312.42686,4.23083221933932,761677.41761262,6733.57861100306,10155.6989015016
6312.43686,4.24076184981621,761974.400013102,6749.3821087378,10159.6586668414
6312.44686,4.25069989118837,762270.531206222,6765.1989928281,10163.6070827496
6312.45686,4.26064634345579,762565.811191977,6781.02926327398,10167.5441492264
6312.46685,4.27060120661848,762860.23997037,6796.87292007544,10171.4698662716
6312.47685,4.28056448067644,763153.8175414,6812.72996323248,10175.3842338853
6312.48685,4.29053616562967,763446.543905066,6828.60039274509,10179.2872520676
6312.49685,4.30051626147816,763738.419061369,6844.48420861327,10183.1789208182
6312.50684,4.31050476822192,764029.443010308,6860.38141083703,10187.0592401374
6312.51684,4.32050168586095,764319.615751884,6876.29199941637,10190.9282100251
6312.52684,4.33050701439524,764608.937286097,6892.21597435128,10194.7858304813
6312.53684,4.3405207538248,764897.407612946,6908.15333564177,10198.6321015059
6312.54683,4.35054290414963,765185.026732432,6924.10408328783,10202.4670230991
6312.55683,4.36057346536972,765471.794644554,6940.06821728947,10206.2905952607
6312.56683,4.37061243748509,765757.711349313,6956.0457376467,10210.1028179908
6312.57683,4.38065982049572,766042.776846709,6972.03664435948,10213.9036912895
6312.58682,4.39071561440162,766326.991136742,6988.04093742785,10217.6932151566
6312.59682,4.40077981920278,766610.354219411,7004.05861685179,10221.4713895921
6312.60682,4.41085243489921,766892.866094716,7020.08968263131,10225.2382145962
6312.61682,4.42093346149091,767174.526762658,7036.13413476641,10228.9936901688
6312.62681,4.43102289897787,767455.336223238,7052.19197325708,10232.7378163098
6312.63681,4.4411207473601,767735.294476453,7068.26319810333,10236.4705930194
6312.64681,4.4512270066376,768014.401522306,7084.34780930515,10240.1920202974
6312.6568,4.46134167681037,768292.657360794,7100.44580686255,10243.9020981439
6312.6668,4.4714647578784,768570.06199192,7116.55719077552,10247.6008265589
6312.6768,4.4815962498417,768846.615415682,7132.68196104408,10251.2882055424
6312.6868,4.49173615270027,769122.317632081,7148.8201176682,10254.9642350944
6312.69679,4.5018844664541,769397.168641116,7164.9716606479,10258.6289152149
6312.70679,4.5120411911032,769671.168442788,7181.13658998318,10262.2822459038
6312.71679,4.52220632664757,769944.317037097,7197.31490567403,10265.9242271613
6312.72679,4.53237987308721,770216.614424042,7213.50660772046,10269.5548589872
6312.73678,4.54256183042211,770488.060603624,7229.71169612247,10273.1741413817
6312.74678,4.55275219865228,770758.655575842,7245.93017088005,10276.7820743446
6312.75678,4.56295097777771,771028.399340698,7262.1620319932,10280.378657876
6312.76678,4.57315816779842,771297.291898189,7278.40727946194,10283.9638919759
6312.77677,4.58337376871439,771565.333248318,7294.66591328625,10287.5377766442
6312.78677,4.59359778052562,771832.523391084,7310.93793346613,10291.1003118811
6312.79677,4.60383020323213,772098.862326485,7327.22334000159,10294.6514976865
6312.80677,4.6140710368339,772364.350054523,7343.52213289262,10298.1913340603
6312.81676,4.62432028133094,772628.986575199,7359.83431213923,10301.7198210027
6312.82676,4.63457793672325,772892.77188851,7376.15987774142,10305.2369585135
6312.83676,4.64484400301082,773155.705994459,7392.49882969918,10308.7427465928
6312.84676,4.65511848019366,773417.788893043,7408.85116801252,10312.2371852406
6312.85675,4.66540136827176,773679.020584265,7425.21689268143,10315.7202744569
6312.86675,4.67569266724514,773939.401068124,7441.59600370592,10319.1920142417
6312.87675,4.68599237711378,774198.930344619,7457.98850108599,10322.6524045949
6312.88674,4.69630049787769,774457.60841375,7474.39438482163,10326.1014455167
6312.89674,4.70661702953686,774715.435275519,7490.81365491285,10329.5391370069
6312.90674,4.7169419720913,774972.410929922,7507.24631135964,10332.9654790656
6312.91674,4.72727532554101,775228.535376965,7523.69235416201,10336.3804716929
6312.92673,4.73761708988599,775483.808616643,7540.15178331995,10339.7841148886
6312.93673,4.74796726512624,775738.230648958,7556.62459883348,10343.1764086528
6312.94673,4.75832585126174,775991.801473908,7573.11080070257,10346.5573529854
6312.95673,4.76869284829252,776244.521091497,7589.61038892725,10349.9269478866
6312.96672,4.77906825621857,776496.389501721,7606.12336350749,10353.2851933563
6312.97672,4.78945207503988,776747.406704583,7622.64972444332,10356.6320893944
6312.98672,4.79984430475645,776997.57270008,7639.18947173471,10359.9676360011
6312.99672,4.8102449453683,777246.887488215,7655.74260538169,10363.2918331762
6313.00671,4.82065399687541,777495.351068986,7672.30912538424,10366.6046809198
6313.01671,4.83107145927779,777742.963442394,7688.88903174237,10369.9061792319
6313.02671,4.84149733257544,777989.724608438,7705.48232445607,10373.1963281125
6313.03671,4.85193161676835,778235.634567119,7722.08900352535,10376.4751275616
6313.0467,4.86237431185654,778480.693318437,7738.70906895021,10379.7425775792
6313.0567,4.87282541783998,778724.900862391,7755.34252073063,10382.9986781652
6313.0667,4.8832849347187,778968.257198983,7771.98935886665,10386.2434293198
6313.0767,4.89375286249268,779210.76232821,7788.64958335823,10389.4768310428
6313.08669,4.90422920116192,779452.416250074,7805.32319420537,10392.6988833343
6313.09669,4.91471395072645,779693.218964575,7822.01019140812,10395.9095861943
6313.10669,4.92520711118623,779933.170471713,7838.71057496643,10399.1089396228
6313.11669,4.93570868254128,780172.270771487,7855.42434488031,10402.2969436198
6313.12668,4.94621866479159,780410.519863898,7872.15150114977,10405.4735981853
6313.13668,4.95673705793718,780647.917748945,7888.8920437748,10408.6389033193
6313.14668,4.96726386197803,780884.464426629,7905.64597275541,10411.7928590217
6313.15667,4.97779907691415,781120.15989695,7922.4132880916,10414.9354652927
6313.16667,4.98834270274553,781355.004159907,7939.19398978336,10418.0667221321
6313.17667,4.99889473947219,781588.9972155,7955.98807783071,10421.18662954
6313.18667,5.0094551870941,781822.139063731,7972.79555223362,10424.2951875164
6313.19666,5.02002404561129,782054.429704599,7989.61641299211,10427.3923960613
6313.20666,5.03060131502375,782285.869138102,8006.45066010618,10430.4782551747
6313.21666,5.04118699533146,782516.457364243,8023.29829357582,10433.5527648566
6313.22666,5.05178108653446,782746.19438302,8040.15931340105,10436.6159251069
6313.23665,5.06238358863271,782975.080194434,8057.03371958184,10439.6677359258
6313.24665,5.07299450162623,783203.114798484,8073.92151211821,10442.7081973131
6313.25665,5.08361382551502,783430.298195171,8090.82269101015,10445.737309269
6313.26665,5.09424156029907,783656.630384495,8107.73725625767,10448.7550717933
6313.27664,5.1048777059784,783882.111366456,8124.66520786077,10451.7614848861
6313.28664,5.11552226255299,784106.741141053,8141.60654581946,10454.7565485474
6313.29664,5.12617523002285,784330.519708285,8158.5612701337,10457.7402627771
6313.30664,5.13683660838797,784553.447068156,8175.52938080352,10460.7126275754
6313.31663,5.14750639764836,784775.523220663,8192.51087782892,10463.6736429422
6313.32663,5.15818459780401,784996.748165807,8209.50576120989,10466.6233088774
6313.33663,5.16887120885495,785217.121903587,8226.51403094645,10469.5616253812
6313.34663,5.17956623080114,785436.644434004,8243.53568703858,10472.4885924534
6313.35662,5.1902696636426,785655.315757058,8260.57072948628,10475.4042100941
6313.36662,5.20098150737932,785873.135872748,8277.61915828956,10478.3084783033
6313.37662,5.21170176201131,786090.104781074,8294.68097344841,10481.201397081
6313.38661,5.22243042753857,786306.222482037,8311.75617496284,10484.0829664272
6313.39661,5.2331675039611,786521.488975637,8328.84476283285,10486.9531863418
6313.40661,5.2439129912789,786735.904261873,8345.94673705845,10489.812056825
6313.41661,5.25466688949196,786949.468340746,8363.06209763959,10492.6595778766
6313.4266,5.26542919860028,787162.181212257,8380.19084457633,10495.4957494968
6313.4366,5.27619991860388,787374.042876403,8397.33297786864,10498.3205716854
6313.4466,5.28697904950275,787585.053333187,8414.48849751653,10501.1340444425
6313.4566,5.29776659129687,787795.212582606,8431.65740351998,10503.9361677681
6313.46659,5.30856254398628,788004.520624663,8448.83969587903,10506.7269416622
6313.47659,5.31936690757094,788212.977459356,8466.03537459364,10509.5063661247
6313.48659,5.33017968205088,788420.583086685,8483.24443966385,10512.2744411558
6313.49659,5.34100086742606,788627.337506652,8500.46689108959,10515.0311667554
6313.50658,5.35183046369653,788833.240719256,8517.70272887093,10517.7765429234
6313.51658,5.36266847086226,789038.292724494,8534.95195300785,10520.5105696599
6313.52658,5.37351488892326,789242.49352237,8552.21456350034,10523.2332469649
6313.53658,5.38436971787953,789445.843112883,8569.49056034841,10525.9445748384
6313.54657,5.39523295773106,789648.341496033,8586.77994355205,10528.6445532804
6313.55657,5.40610460847786,789849.988671819,8604.08271311127,10531.3331822909
6313.56657,5.41698467011993,790050.784640242,8621.39886902607,10534.0104618699
6313.57657,5.42787314265726,790250.729401302,8638.72841129644,10536.6763920174
6313.58656,5.43877002608987,790449.822954997,8656.0713399224,10539.3309727333
6313.59656,5.44967532041774,790648.06530133,8673.42765490392,10541.9742040177
6313.60656,5.46058902564088,790845.4564403,8690.79735624102,10544.6060858707
6313.61655,5.47151114175927,791041.996371906,8708.18044393369,10547.2266182921
6313.62655,5.48244166877294,791237.685096148,8725.57691798194,10549.835801282
6313.63655,5.49338060668188,791432.522613027,8742.98677838577,10552.4336348404
6313.64655,5.50432795548609,791626.508922543,8760.41002514517,10555.0201189672
6313.65654,5.51528371518555,791819.644024696,8777.84665826013,10557.5952536626
6313.66654,5.52624788578028,792011.927919484,8795.29667773068,10560.1590389265
6313.67654,5.5372204672703,792203.360606911,8812.76008355683,10562.7114747588
6313.68654,5.54820145965556,792393.942086973,8830.23687573852,10565.2525611596
6313.69653,5.55919086293611,792583.672359672,8847.72705427582,10567.782298129
6313.70653,5.57018867711192,792772.551425008,8865.23061916867,10570.3006856668
6313.71653,5.58119490218299,792960.57928298,8882.74757041709,10572.8077237731
6313.72653,5.59220953814932,793147.75593359,8900.2779080211,10575.3034124479
6313.73652,5.60323258501093,793334.081376835,8917.82163198069,10577.7877516911
6313.74652,5.61426404276781,793519.555612717,8935.37874229585,10580.2607415029
6313.75652,5.62530391141995,793704.178641236,8952.94923896659,10582.7223818831
6313.76652,5.63635219096736,793887.950462392,8970.5331219929,10585.1726728319
6313.77651,5.64740888141003,794070.871076183,8988.13039137477,10587.6116143491
6313.78651,5.65847398274797,794252.940482613,9005.74104711224,10590.0392064348
6313.79651,5.66954749498119,794434.158681678,9023.36508920529,10592.455449089
6313.80651,5.68062941810967,794614.52567338,9041.00251765391,10594.8603423117
6313.8165,5.69171975213341,794794.041457719,9058.65333245809,10597.2538861029
6313.8265,5.70281849705242,794972.706034694,9076.31753361786,10599.6360804626
6313.8365,5.71392565286669,795150.519404307,9093.9951211332,10602.0069253908
6313.8465,5.72504121957624,795327.481566555,9111.68609500411,10604.3664208874
6313.85649,5.73616519718105,795503.592521441,9129.39045523061,10606.7145669525
6313.86649,5.74729758568113,795678.852268962,9147.10820181268,10609.0513635862
6313.87649,5.75843838507648,795853.26080912,9164.83933475032,10611.3768107883
6313.88648,5.76958759536709,796026.818141916,9182.58385404355,10613.6909085589
6313.89648,5.78074521655297,796199.524267348,9200.34175969234,10615.993656898
6313.90648,5.79191124863411,796371.379185416,9218.11305169671,10618.2850558055
6313.91648,5.80308569161053,796542.382896121,9235.89773005666,10620.5651052816
6313.92647,5.81426854548221,796712.535399463,9253.69579477219,10622.8338053262
6313.93647,5.82545981024917,796881.836695441,9271.50724584329,10625.0911559392
6313.94647,5.83665948591138,797050.286784057,9289.33208326997,10627.3371571208
6313.95647,5.84786757246886,797217.885665308,9307.17030705222,10629.5718088708
6313.96646,5.85908406992161,797384.633339197,9325.02191719004,10631.7951111893
6313.97646,5.87030897826963,797550.52980572,9342.88691368345,10634.0070640763
6313.98646,5.88154229751291,797715.575064882,9360.76529653243,10636.2076675318
6313.99646,5.89278402765146,797879.769116681,9378.65706573698,10638.3969215558
6314.00645,5.90403416868528,798043.111961115,9396.56222129711,10640.5748261482
6314.01645,5.91529272061437,798205.603598188,9414.48076321282,10642.7413813092
6314.02645,5.92655968343871,798367.244027895,9432.41269148409,10644.8965870386
6314.03645,5.93783505715833,798528.03325024,9450.35800611096,10647.0404433365
6314.04644,5.94911884177322,798687.971265221,9468.31670709339,10649.172950203
6314.05644,5.96041103728336,798847.058072839,9486.28879443139,10651.2941076379
6314.06644,5.97171164368879,799005.293673094,9504.27426812498,10653.4039156413
6314.07644,5.98302066098948,799162.678065985,9522.27312817415,10655.5023742131
6314.08643,5.99433808918543,799319.211251513,9540.28537457887,10657.5894833535
6314.09643,6.00566392827665,799474.893229677,9558.3110073392,10659.6652430624
6314.10643,6.01699817826314,799629.724000477,9576.35002645509,10661.7296533397
6314.11642,6.0283408391449,799783.703563916,9594.40243192655,10663.7827141856
6314.12642,6.03969191092191,799936.831919991,9612.46822375358,10665.8244255999
6314.13642,6.05105139359421,800089.109068702,9630.54740193621,10667.8547875827
6314.14642,6.06241928716177,800240.535010048,9648.6399664744,10669.873800134
6314.15641,6.07379559162458,800391.109744033,9666.74591736815,10671.8814632538
6314.16641,6.08518030698267,800540.833270655,9684.86525461749,10673.8777769421
6314.17641,6.09657343323603,800689.705589912,9702.99797822242,10675.8627411988
6314.18641,6.10797497038465,800837.726701807,9721.14408818291,10677.8363560241
6314.1964,6.11938491842855,800984.896606337,9739.30358449899,10679.7986214178
6314.2064,6.13080327736771,801131.215303505,9757.47646717063,10681.7495373801
6314.2164,6.14223004720214,801276.682793308,9775.66273619786,10683.6891039108
6314.2264,6.15366522793183,801421.299075749,9793.86239158066,10685.61732101
6314.23639,6.16510881955678,801565.064150828,9812.07543331902,10687.5341886777
6314.24639,6.176560822077,801707.978018541,9830.30186141296,10689.4397069139
6314.25639,6.18802123549251,801850.040678892,9848.5416758625,10691.3338757186
6314.26639,6.19949005980326,801991.252131879,9866.79487666759,10693.2166950917
6314.27638,6.2109672950093,802131.612377503,9885.06146382828,10695.0881650334
6314.28638,6.22245294111059,802271.121415765,9903.34143734453,10696.9482855435
6314.29638,6.23394699810715,802409.779246661,9921.63479721635,10698.7970566221
6314.30638,6.24544946599898,802547.585870195,9939.94154344377,10700.6344782693
6314.31637,6.25696034478608,802684.541286367,9958.26167602674,10702.4605504849
6314.32637,6.26847963446844,802820.645495172,9976.59519496529,10704.275273269
6314.33637,6.28000733504608,802955.898496617,9994.94210025944,10706.0786466216
6314.34637,6.29154344651897,803090.300290697,10013.3023919091,10707.8706705426
6314.35636,6.30308796888713,803223.850877414,10031.6760699144,10709.6513450322
6314.36636,6.31464090215057,803356.550256767,10050.0631342753,10711.4206700902
6314.37636,6.32620224630926,803488.398428759,10068.4635849917,10713.1786457168
6314.38635,6.33777200136323,803619.395393386,10086.8774220637,10714.9252719118
6314.39635,6.34935016731246,803749.541150649,10105.3046454913,10716.6605486753
6314.40635,6.36093674415696,803878.83570055,10123.7452552745,10718.3844760073
6314.41635,6.37253173189673,804007.279043086,10142.1992514132,10720.0970539078
6314.42634,6.38413513053176,804134.871178259,10160.6666339075,10721.7982823768
6314.43634,6.39574694006206,804261.61210607,10179.1474027574,10723.4881614143
6314.44634,6.40736716048763,804387.501826517,10197.6415579629,10725.1666910202
6314.45634,6.41899579180846,804512.540339601,10216.1490995239,10726.8338711947
6314.46633,6.43063283402456,804636.72764532,10234.6700274405,10728.4897019376
6314.47633,6.44227828713593,804760.063743676,10253.2043417127,10730.134183249
6314.48633,6.45393215114257,804882.54863467,10271.7520423405,10731.7673151289
6314.49633,6.46559442604447,805004.1823183,10290.3131293238,10733.3890975773
6314.50632,6.47726511184165,805124.964794567,10308.8876026628,10734.9995305942
6314.51632,6.48894420853409,805244.89606347,10327.4754623573,10736.5986141796
6314.52632,6.50063171612178,805363.976125011,10346.0767084073,10738.1863483335
6314.53632,6.51232763460476,805482.204979186,10364.691340813,10739.7627330558
6314.54631,6.52403196398299,805599.582625999,10383.3193595742,10741.3277683466
6314.55631,6.5357447042565,805716.109065449,10401.960764691,10742.881454206
6314.56631,6.54746585542527,805831.784297536,10420.6155561634,10744.4237906338
6314.57631,6.55919541748931,805946.608322258,10439.2837339913,10745.9547776301
6314.5863,6.57093339044862,806060.581139619,10457.9652981749,10747.4744151949
6314.5963,6.58267977430319,806173.702749615,10476.660248714,10748.9827033282
6314.6063,6.59443456905303,806285.973152248,10495.3685856086,10750.47964203
6314.61629,6.60619777469814,806397.392347517,10514.0903088589,10751.9652313002
6314.62629,6.61796939123852,806507.960335423,10532.8254184647,10753.439471139
6314.63629,6.62974941867416,806617.677115966,10551.5739144261,10754.9023615462
6314.64629,6.64153785700507,806726.542689146,10570.3357967431,10756.353902522
6314.65628,6.65333470623125,806834.557054963,10589.1110654157,10757.7940940662
6314.66628,6.66513996635269,806941.720213415,10607.8997204438,10759.2229361789
6314.67628,6.6769536373694,807048.032164505,10626.7017618275,10760.6404288601
6314.68628,6.68877571928138,807153.492908232,10645.5171895668,10762.0465721098
6314.69627,6.70060621208862,807258.102444593,10664.3460036616,10763.4413659279
6314.70627,6.71244511579113,807361.860773593,10683.1882041121,10764.8248103146
6314.71627,6.7242924303889,807464.767895228,10702.0437909181,10766.1969052697
6314.72627,6.73614815588195,807566.823809502,10720.9127640797,10767.5576507934
6314.73626,6.74801229227026,807668.02851641,10739.7951235968,10768.9070468855
6314.74626,6.75988483955385,807768.382015957,10758.6908694696,10770.2450935461
6314.75626,6.77176579773269,807867.884308138,10777.6000016979,10771.5717907752
6314.76626,6.7836551668068,807966.535392959,10796.5225202818,10772.8871385728
6314.77625,6.79555294677618,808064.335270414,10815.4584252212,10774.1911369388
6314.78625,6.80745913764083,808161.283940506,10834.4077165163,10775.4837858734
6314.79625,6.81937373940074,808257.381403236,10853.3703941669,10776.7650853765
6314.80625,6.83129675205593,808352.6276586,10872.3464581731,10778.035035448
6314.81624,6.84322817560637,808447.022706603,10891.3359085349,10779.293636088
6314.82624,6.85516801005209,808540.566547242,10910.3387452522,10780.5408872966
6314.83624,6.86711625539308,808633.259180518,10929.3549683251,10781.7767890736
6314.84623,6.87907291162932,808725.10060643,10948.3845777536,10783.0013414191
6314.85623,6.89103797876084,808816.09082498,10967.4275735377,10784.2145443331
6314.86623,6.90301145678763,808906.229836165,10986.4839556774,10785.4163978155
6314.87623,6.91499334570966,808995.517639986,11005.5537241726,10786.6069018665
